-360.625 -360.625 -127
-355.625 -335.625 -125
-350.625 -336.625 -125
-345.625 -339.625 -125
-341.625 -343.625 -125
-338.625 -347.625 -125
-335.625 -352.625 -125
-334.625 -358.625 -125
-334.625 -363.625 -125
-335.625 -369.625 -125
-338.625 -374.625 -125
-341.625 -378.625 -125
-345.625 -382.625 -125
-350.625 -385.625 -125
-355.625 -386.625 -125
-360.625 -387.625 -125
-366.625 -386.625 -125
-371.625 -385.625 -125
-376.625 -382.625 -125
-380.625 -378.625 -125
-383.625 -374.625 -125
-386.625 -369.625 -125
-387.625 -363.625 -125
-387.625 -358.625 -125
-386.625 -352.625 -125
-383.625 -347.625 -125
-380.625 -343.625 -125
-376.625 -339.625 -125
-371.625 -336.625 -125
-366.625 -335.625 -125
-361.625 -334.625 -125
-350.625 -310.625 -117
-339.625 -313.625 -117
-330.625 -319.625 -117
-322.625 -326.625 -117
-316.625 -335.625 -117
-311.625 -345.625 -117
-309.625 -355.625 -117
-309.625 -366.625 -117
-311.625 -376.625 -117
-316.625 -386.625 -117
-322.625 -395.625 -117
-330.625 -402.625 -117
-339.625 -408.625 -117
-350.625 -411.625 -117
-360.625 -412.625 -117
-371.625 -411.625 -117
-382.625 -408.625 -117
-391.625 -402.625 -117
-399.625 -395.625 -117
-405.625 -386.625 -117
-410.625 -376.625 -117
-412.625 -366.625 -117
-412.625 -355.625 -117
-410.625 -345.625 -117
-405.625 -335.625 -117
-399.625 -326.625 -117
-391.625 -319.625 -117
-382.625 -313.625 -117
-371.625 -310.625 -117
-361.625 -309.625 -117
-345.625 -287.625 -103
-330.625 -292.625 -103
-317.625 -300.625 -103
-305.625 -311.625 -103
-296.625 -323.625 -103
-290.625 -337.625 -103
-286.625 -353.625 -103
-286.625 -368.625 -103
-290.625 -384.625 -103
-296.625 -398.625 -103
-305.625 -410.625 -103
-317.625 -421.625 -103
-330.625 -429.625 -103
-345.625 -434.625 -103
-360.625 -435.625 -103
-376.625 -434.625 -103
-391.625 -429.625 -103
-404.625 -421.625 -103
-416.625 -410.625 -103
-425.625 -398.625 -103
-431.625 -384.625 -103
-435.625 -368.625 -103
-435.625 -353.625 -103
-431.625 -337.625 -103
-425.625 -323.625 -103
-416.625 -311.625 -103
-404.625 -300.625 -103
-391.625 -292.625 -103
-376.625 -287.625 -103
-361.625 -286.625 -103
-341.625 -268.625 -85
-322.625 -274.625 -85
-305.625 -284.625 -85
-290.625 -297.625 -85
-279.625 -313.625 -85
-271.625 -331.625 -85
-267.625 -351.625 -85
-267.625 -370.625 -85
-271.625 -390.625 -85
-279.625 -408.625 -85
-290.625 -424.625 -85
-305.625 -437.625 -85
-322.625 -447.625 -85
-341.625 -453.625 -85
-360.625 -455.625 -85
-380.625 -453.625 -85
-399.625 -447.625 -85
-416.625 -437.625 -85
-431.625 -424.625 -85
-442.625 -408.625 -85
-450.625 -390.625 -85
-454.625 -370.625 -85
-454.625 -351.625 -85
-450.625 -331.625 -85
-442.625 -313.625 -85
-431.625 -297.625 -85
-416.625 -284.625 -85
-399.625 -274.625 -85
-380.625 -268.625 -85
-361.625 -266.625 -85
-338.625 -253.625 -64
-316.625 -260.625 -64
-296.625 -272.625 -64
-279.625 -287.625 -64
-265.625 -306.625 -64
-256.625 -327.625 -64
-251.625 -349.625 -64
-251.625 -372.625 -64
-256.625 -394.625 -64
-265.625 -415.625 -64
-279.625 -434.625 -64
-296.625 -449.625 -64
-316.625 -461.625 -64
-338.625 -468.625 -64
-360.625 -470.625 -64
-383.625 -468.625 -64
-405.625 -461.625 -64
-425.625 -449.625 -64
-442.625 -434.625 -64
-456.625 -415.625 -64
-465.625 -394.625 -64
-470.625 -372.625 -64
-470.625 -349.625 -64
-465.625 -327.625 -64
-456.625 -306.625 -64
-442.625 -287.625 -64
-425.625 -272.625 -64
-405.625 -260.625 -64
-383.625 -253.625 -64
-361.625 -251.625 -64
-335.625 -242.625 -40
-311.625 -250.625 -40
-290.625 -263.625 -40
-271.625 -280.625 -40
-256.625 -300.625 -40
-246.625 -323.625 -40
-240.625 -348.625 -40
-240.625 -373.625 -40
-246.625 -398.625 -40
-256.625 -421.625 -40
-271.625 -441.625 -40
-290.625 -458.625 -40
-311.625 -471.625 -40
-335.625 -479.625 -40
-360.625 -481.625 -40
-386.625 -479.625 -40
-410.625 -471.625 -40
-431.625 -458.625 -40
-450.625 -441.625 -40
-465.625 -421.625 -40
-475.625 -398.625 -40
-481.625 -373.625 -40
-481.625 -348.625 -40
-475.625 -323.625 -40
-465.625 -300.625 -40
-450.625 -280.625 -40
-431.625 -263.625 -40
-410.625 -250.625 -40
-386.625 -242.625 -40
-361.625 -240.625 -40
-334.625 -237.625 -14
-309.625 -245.625 -14
-286.625 -258.625 -14
-267.625 -276.625 -14
-251.625 -297.625 -14
-240.625 -321.625 -14
-235.625 -347.625 -14
-235.625 -374.625 -14
-240.625 -400.625 -14
-251.625 -424.625 -14
-267.625 -445.625 -14
-286.625 -463.625 -14
-309.625 -476.625 -14
-334.625 -484.625 -14
-360.625 -487.625 -14
-387.625 -484.625 -14
-412.625 -476.625 -14
-435.625 -463.625 -14
-454.625 -445.625 -14
-470.625 -424.625 -14
-481.625 -400.625 -14
-486.625 -374.625 -14
-486.625 -347.625 -14
-481.625 -321.625 -14
-470.625 -297.625 -14
-454.625 -276.625 -14
-435.625 -258.625 -14
-412.625 -245.625 -14
-387.625 -237.625 -14
-361.625 -234.625 -14
-334.625 -237.625 13
-309.625 -245.625 13
-286.625 -258.625 13
-267.625 -276.625 13
-251.625 -297.625 13
-240.625 -321.625 13
-235.625 -347.625 13
-235.625 -374.625 13
-240.625 -400.625 13
-251.625 -424.625 13
-267.625 -445.625 13
-286.625 -463.625 13
-309.625 -476.625 13
-334.625 -484.625 13
-360.625 -487.625 13
-387.625 -484.625 13
-412.625 -476.625 13
-435.625 -463.625 13
-454.625 -445.625 13
-470.625 -424.625 13
-481.625 -400.625 13
-486.625 -374.625 13
-486.625 -347.625 13
-481.625 -321.625 13
-470.625 -297.625 13
-454.625 -276.625 13
-435.625 -258.625 13
-412.625 -245.625 13
-387.625 -237.625 13
-361.625 -234.625 13
-335.625 -242.625 39
-311.625 -250.625 39
-290.625 -263.625 39
-271.625 -280.625 39
-256.625 -300.625 39
-246.625 -323.625 39
-240.625 -348.625 39
-240.625 -373.625 39
-246.625 -398.625 39
-256.625 -421.625 39
-271.625 -441.625 39
-290.625 -458.625 39
-311.625 -471.625 39
-335.625 -479.625 39
-360.625 -481.625 39
-386.625 -479.625 39
-410.625 -471.625 39
-431.625 -458.625 39
-450.625 -441.625 39
-465.625 -421.625 39
-475.625 -398.625 39
-481.625 -373.625 39
-481.625 -348.625 39
-475.625 -323.625 39
-465.625 -300.625 39
-450.625 -280.625 39
-431.625 -263.625 39
-410.625 -250.625 39
-386.625 -242.625 39
-361.625 -240.625 39
-338.625 -253.625 63
-316.625 -260.625 63
-296.625 -272.625 63
-279.625 -287.625 63
-265.625 -306.625 63
-256.625 -327.625 63
-251.625 -349.625 63
-251.625 -372.625 63
-256.625 -394.625 63
-265.625 -415.625 63
-279.625 -434.625 63
-296.625 -449.625 63
-316.625 -461.625 63
-338.625 -468.625 63
-360.625 -470.625 63
-383.625 -468.625 63
-405.625 -461.625 63
-425.625 -449.625 63
-442.625 -434.625 63
-456.625 -415.625 63
-465.625 -394.625 63
-470.625 -372.625 63
-470.625 -349.625 63
-465.625 -327.625 63
-456.625 -306.625 63
-442.625 -287.625 63
-425.625 -272.625 63
-405.625 -260.625 63
-383.625 -253.625 63
-361.625 -251.625 63
-341.625 -268.625 84
-322.625 -274.625 84
-305.625 -284.625 84
-290.625 -297.625 84
-279.625 -313.625 84
-271.625 -331.625 84
-267.625 -351.625 84
-267.625 -370.625 84
-271.625 -390.625 84
-279.625 -408.625 84
-290.625 -424.625 84
-305.625 -437.625 84
-322.625 -447.625 84
-341.625 -453.625 84
-360.625 -455.625 84
-380.625 -453.625 84
-399.625 -447.625 84
-416.625 -437.625 84
-431.625 -424.625 84
-442.625 -408.625 84
-450.625 -390.625 84
-454.625 -370.625 84
-454.625 -351.625 84
-450.625 -331.625 84
-442.625 -313.625 84
-431.625 -297.625 84
-416.625 -284.625 84
-399.625 -274.625 84
-380.625 -268.625 84
-361.625 -266.625 84
-345.625 -287.625 102
-330.625 -292.625 102
-317.625 -300.625 102
-305.625 -311.625 102
-296.625 -323.625 102
-290.625 -337.625 102
-286.625 -353.625 102
-286.625 -368.625 102
-290.625 -384.625 102
-296.625 -398.625 102
-305.625 -410.625 102
-317.625 -421.625 102
-330.625 -429.625 102
-345.625 -434.625 102
-360.625 -435.625 102
-376.625 -434.625 102
-391.625 -429.625 102
-404.625 -421.625 102
-416.625 -410.625 102
-425.625 -398.625 102
-431.625 -384.625 102
-435.625 -368.625 102
-435.625 -353.625 102
-431.625 -337.625 102
-425.625 -323.625 102
-416.625 -311.625 102
-404.625 -300.625 102
-391.625 -292.625 102
-376.625 -287.625 102
-361.625 -286.625 102
-350.625 -310.625 116
-339.625 -313.625 116
-330.625 -319.625 116
-322.625 -326.625 116
-316.625 -335.625 116
-311.625 -345.625 116
-309.625 -355.625 116
-309.625 -366.625 116
-311.625 -376.625 116
-316.625 -386.625 116
-322.625 -395.625 116
-330.625 -402.625 116
-339.625 -408.625 116
-350.625 -411.625 116
-360.625 -412.625 116
-371.625 -411.625 116
-382.625 -408.625 116
-391.625 -402.625 116
-399.625 -395.625 116
-405.625 -386.625 116
-410.625 -376.625 116
-412.625 -366.625 116
-412.625 -355.625 116
-410.625 -345.625 116
-405.625 -335.625 116
-399.625 -326.625 116
-391.625 -319.625 116
-382.625 -313.625 116
-371.625 -310.625 116
-361.625 -309.625 116
-355.625 -335.625 124
-350.625 -336.625 124
-345.625 -339.625 124
-341.625 -343.625 124
-338.625 -347.625 124
-335.625 -352.625 124
-334.625 -358.625 124
-334.625 -363.625 124
-335.625 -369.625 124
-338.625 -374.625 124
-341.625 -378.625 124
-345.625 -382.625 124
-350.625 -385.625 124
-355.625 -386.625 124
-360.625 -387.625 124
-366.625 -386.625 124
-371.625 -385.625 124
-376.625 -382.625 124
-380.625 -378.625 124
-383.625 -374.625 124
-386.625 -369.625 124
-387.625 -363.625 124
-387.625 -358.625 124
-386.625 -352.625 124
-383.625 -347.625 124
-380.625 -343.625 124
-376.625 -339.625 124
-371.625 -336.625 124
-366.625 -335.625 124
-361.625 -334.625 124
-360.625 -360.625 127
