360.625 -360.625 -127
365.625 -335.625 -125
370.625 -336.625 -125
375.625 -339.625 -125
379.625 -343.625 -125
382.625 -347.625 -125
385.625 -352.625 -125
386.625 -358.625 -125
386.625 -363.625 -125
385.625 -369.625 -125
382.625 -374.625 -125
379.625 -378.625 -125
375.625 -382.625 -125
370.625 -385.625 -125
365.625 -386.625 -125
360.625 -387.625 -125
354.625 -386.625 -125
349.625 -385.625 -125
344.625 -382.625 -125
340.625 -378.625 -125
337.625 -374.625 -125
334.625 -369.625 -125
333.625 -363.625 -125
333.625 -358.625 -125
334.625 -352.625 -125
337.625 -347.625 -125
340.625 -343.625 -125
344.625 -339.625 -125
349.625 -336.625 -125
354.625 -335.625 -125
359.625 -334.625 -125
370.625 -310.625 -117
381.625 -313.625 -117
390.625 -319.625 -117
398.625 -326.625 -117
404.625 -335.625 -117
409.625 -345.625 -117
411.625 -355.625 -117
411.625 -366.625 -117
409.625 -376.625 -117
404.625 -386.625 -117
398.625 -395.625 -117
390.625 -402.625 -117
381.625 -408.625 -117
370.625 -411.625 -117
360.625 -412.625 -117
349.625 -411.625 -117
338.625 -408.625 -117
329.625 -402.625 -117
321.625 -395.625 -117
315.625 -386.625 -117
310.625 -376.625 -117
308.625 -366.625 -117
308.625 -355.625 -117
310.625 -345.625 -117
315.625 -335.625 -117
321.625 -326.625 -117
329.625 -319.625 -117
338.625 -313.625 -117
349.625 -310.625 -117
359.625 -309.625 -117
375.625 -287.625 -103
390.625 -292.625 -103
403.625 -300.625 -103
415.625 -311.625 -103
424.625 -323.625 -103
430.625 -337.625 -103
434.625 -353.625 -103
434.625 -368.625 -103
430.625 -384.625 -103
424.625 -398.625 -103
415.625 -410.625 -103
403.625 -421.625 -103
390.625 -429.625 -103
375.625 -434.625 -103
360.625 -435.625 -103
344.625 -434.625 -103
329.625 -429.625 -103
316.625 -421.625 -103
304.625 -410.625 -103
295.625 -398.625 -103
289.625 -384.625 -103
285.625 -368.625 -103
285.625 -353.625 -103
289.625 -337.625 -103
295.625 -323.625 -103
304.625 -311.625 -103
316.625 -300.625 -103
329.625 -292.625 -103
344.625 -287.625 -103
359.625 -286.625 -103
379.625 -268.625 -85
398.625 -274.625 -85
415.625 -284.625 -85
430.625 -297.625 -85
441.625 -313.625 -85
449.625 -331.625 -85
453.625 -351.625 -85
453.625 -370.625 -85
449.625 -390.625 -85
441.625 -408.625 -85
430.625 -424.625 -85
415.625 -437.625 -85
398.625 -447.625 -85
379.625 -453.625 -85
360.625 -455.625 -85
340.625 -453.625 -85
321.625 -447.625 -85
304.625 -437.625 -85
289.625 -424.625 -85
278.625 -408.625 -85
270.625 -390.625 -85
266.625 -370.625 -85
266.625 -351.625 -85
270.625 -331.625 -85
278.625 -313.625 -85
289.625 -297.625 -85
304.625 -284.625 -85
321.625 -274.625 -85
340.625 -268.625 -85
359.625 -266.625 -85
382.625 -253.625 -64
404.625 -260.625 -64
424.625 -272.625 -64
441.625 -287.625 -64
455.625 -306.625 -64
464.625 -327.625 -64
469.625 -349.625 -64
469.625 -372.625 -64
464.625 -394.625 -64
455.625 -415.625 -64
441.625 -434.625 -64
424.625 -449.625 -64
404.625 -461.625 -64
382.625 -468.625 -64
360.625 -470.625 -64
337.625 -468.625 -64
315.625 -461.625 -64
295.625 -449.625 -64
278.625 -434.625 -64
264.625 -415.625 -64
255.625 -394.625 -64
250.625 -372.625 -64
250.625 -349.625 -64
255.625 -327.625 -64
264.625 -306.625 -64
278.625 -287.625 -64
295.625 -272.625 -64
315.625 -260.625 -64
337.625 -253.625 -64
359.625 -251.625 -64
385.625 -242.625 -40
409.625 -250.625 -40
430.625 -263.625 -40
449.625 -280.625 -40
464.625 -300.625 -40
474.625 -323.625 -40
480.625 -348.625 -40
480.625 -373.625 -40
474.625 -398.625 -40
464.625 -421.625 -40
449.625 -441.625 -40
430.625 -458.625 -40
409.625 -471.625 -40
385.625 -479.625 -40
360.625 -481.625 -40
334.625 -479.625 -40
310.625 -471.625 -40
289.625 -458.625 -40
270.625 -441.625 -40
255.625 -421.625 -40
245.625 -398.625 -40
239.625 -373.625 -40
239.625 -348.625 -40
245.625 -323.625 -40
255.625 -300.625 -40
270.625 -280.625 -40
289.625 -263.625 -40
310.625 -250.625 -40
334.625 -242.625 -40
359.625 -240.625 -40
386.625 -237.625 -14
411.625 -245.625 -14
434.625 -258.625 -14
453.625 -276.625 -14
469.625 -297.625 -14
480.625 -321.625 -14
485.625 -347.625 -14
485.625 -374.625 -14
480.625 -400.625 -14
469.625 -424.625 -14
453.625 -445.625 -14
434.625 -463.625 -14
411.625 -476.625 -14
386.625 -484.625 -14
360.625 -487.625 -14
333.625 -484.625 -14
308.625 -476.625 -14
285.625 -463.625 -14
266.625 -445.625 -14
250.625 -424.625 -14
239.625 -400.625 -14
234.625 -374.625 -14
234.625 -347.625 -14
239.625 -321.625 -14
250.625 -297.625 -14
266.625 -276.625 -14
285.625 -258.625 -14
308.625 -245.625 -14
333.625 -237.625 -14
359.625 -234.625 -14
386.625 -237.625 13
411.625 -245.625 13
434.625 -258.625 13
453.625 -276.625 13
469.625 -297.625 13
480.625 -321.625 13
485.625 -347.625 13
485.625 -374.625 13
480.625 -400.625 13
469.625 -424.625 13
453.625 -445.625 13
434.625 -463.625 13
411.625 -476.625 13
386.625 -484.625 13
360.625 -487.625 13
333.625 -484.625 13
308.625 -476.625 13
285.625 -463.625 13
266.625 -445.625 13
250.625 -424.625 13
239.625 -400.625 13
234.625 -374.625 13
234.625 -347.625 13
239.625 -321.625 13
250.625 -297.625 13
266.625 -276.625 13
285.625 -258.625 13
308.625 -245.625 13
333.625 -237.625 13
359.625 -234.625 13
385.625 -242.625 39
409.625 -250.625 39
430.625 -263.625 39
449.625 -280.625 39
464.625 -300.625 39
474.625 -323.625 39
480.625 -348.625 39
480.625 -373.625 39
474.625 -398.625 39
464.625 -421.625 39
449.625 -441.625 39
430.625 -458.625 39
409.625 -471.625 39
385.625 -479.625 39
360.625 -481.625 39
334.625 -479.625 39
310.625 -471.625 39
289.625 -458.625 39
270.625 -441.625 39
255.625 -421.625 39
245.625 -398.625 39
239.625 -373.625 39
239.625 -348.625 39
245.625 -323.625 39
255.625 -300.625 39
270.625 -280.625 39
289.625 -263.625 39
310.625 -250.625 39
334.625 -242.625 39
359.625 -240.625 39
382.625 -253.625 63
404.625 -260.625 63
424.625 -272.625 63
441.625 -287.625 63
455.625 -306.625 63
464.625 -327.625 63
469.625 -349.625 63
469.625 -372.625 63
464.625 -394.625 63
455.625 -415.625 63
441.625 -434.625 63
424.625 -449.625 63
404.625 -461.625 63
382.625 -468.625 63
360.625 -470.625 63
337.625 -468.625 63
315.625 -461.625 63
295.625 -449.625 63
278.625 -434.625 63
264.625 -415.625 63
255.625 -394.625 63
250.625 -372.625 63
250.625 -349.625 63
255.625 -327.625 63
264.625 -306.625 63
278.625 -287.625 63
295.625 -272.625 63
315.625 -260.625 63
337.625 -253.625 63
359.625 -251.625 63
379.625 -268.625 84
398.625 -274.625 84
415.625 -284.625 84
430.625 -297.625 84
441.625 -313.625 84
449.625 -331.625 84
453.625 -351.625 84
453.625 -370.625 84
449.625 -390.625 84
441.625 -408.625 84
430.625 -424.625 84
415.625 -437.625 84
398.625 -447.625 84
379.625 -453.625 84
360.625 -455.625 84
340.625 -453.625 84
321.625 -447.625 84
304.625 -437.625 84
289.625 -424.625 84
278.625 -408.625 84
270.625 -390.625 84
266.625 -370.625 84
266.625 -351.625 84
270.625 -331.625 84
278.625 -313.625 84
289.625 -297.625 84
304.625 -284.625 84
321.625 -274.625 84
340.625 -268.625 84
359.625 -266.625 84
375.625 -287.625 102
390.625 -292.625 102
403.625 -300.625 102
415.625 -311.625 102
424.625 -323.625 102
430.625 -337.625 102
434.625 -353.625 102
434.625 -368.625 102
430.625 -384.625 102
424.625 -398.625 102
415.625 -410.625 102
403.625 -421.625 102
390.625 -429.625 102
375.625 -434.625 102
360.625 -435.625 102
344.625 -434.625 102
329.625 -429.625 102
316.625 -421.625 102
304.625 -410.625 102
295.625 -398.625 102
289.625 -384.625 102
285.625 -368.625 102
285.625 -353.625 102
289.625 -337.625 102
295.625 -323.625 102
304.625 -311.625 102
316.625 -300.625 102
329.625 -292.625 102
344.625 -287.625 102
359.625 -286.625 102
370.625 -310.625 116
381.625 -313.625 116
390.625 -319.625 116
398.625 -326.625 116
404.625 -335.625 116
409.625 -345.625 116
411.625 -355.625 116
411.625 -366.625 116
409.625 -376.625 116
404.625 -386.625 116
398.625 -395.625 116
390.625 -402.625 116
381.625 -408.625 116
370.625 -411.625 116
360.625 -412.625 116
349.625 -411.625 116
338.625 -408.625 116
329.625 -402.625 116
321.625 -395.625 116
315.625 -386.625 116
310.625 -376.625 116
308.625 -366.625 116
308.625 -355.625 116
310.625 -345.625 116
315.625 -335.625 116
321.625 -326.625 116
329.625 -319.625 116
338.625 -313.625 116
349.625 -310.625 116
359.625 -309.625 116
365.625 -335.625 124
370.625 -336.625 124
375.625 -339.625 124
379.625 -343.625 124
382.625 -347.625 124
385.625 -352.625 124
386.625 -358.625 124
386.625 -363.625 124
385.625 -369.625 124
382.625 -374.625 124
379.625 -378.625 124
375.625 -382.625 124
370.625 -385.625 124
365.625 -386.625 124
360.625 -387.625 124
354.625 -386.625 124
349.625 -385.625 124
344.625 -382.625 124
340.625 -378.625 124
337.625 -374.625 124
334.625 -369.625 124
333.625 -363.625 124
333.625 -358.625 124
334.625 -352.625 124
337.625 -347.625 124
340.625 -343.625 124
344.625 -339.625 124
349.625 -336.625 124
354.625 -335.625 124
359.625 -334.625 124
360.625 -360.625 127
