3 0 1 2 
3 2 3 0 
3 4 0 3 
3 3 5 4 
3 6 4 5 
3 5 7 6 
3 8 6 7 
3 9 10 11 
3 3 2 12 
3 12 13 3 
3 5 3 13 
3 13 14 5 
3 7 5 14 
3 15 16 17 
3 18 17 16 
3 16 19 18 
3 20 21 22 
3 22 23 20 
3 23 22 24 
3 25 20 23 
3 23 26 25 
3 1 25 26 
3 26 2 1 
3 27 2 26 
3 12 2 27 
3 27 28 12 
3 11 12 28 
3 28 29 11 
3 9 11 29 
3 9 29 30 
3 30 31 9 
3 32 31 30 
3 30 33 32 
3 34 32 33 
3 33 35 34 
3 36 34 35 
3 35 37 36 
3 38 36 37 
3 37 39 38 
3 40 38 39 
3 39 41 40 
3 24 19 42 
3 24 42 43 
3 24 43 44 
3 44 23 24 
3 26 23 44 
3 44 45 26 
3 27 26 45 
3 45 46 27 
3 28 27 46 
3 46 47 28 
3 29 28 47 
3 47 48 29 
3 30 29 48 
3 48 49 30 
3 33 30 49 
3 50 51 43 
3 43 42 50 
3 52 50 42 
3 42 19 52 
3 53 52 19 
3 19 16 53 
3 54 53 16 
3 55 56 51 
3 51 50 55 
3 52 55 50 
3 54 57 53 
3 58 59 60 
3 60 57 58 
3 61 62 63 
3 63 64 61 
3 64 54 16 
3 16 15 64 
3 61 64 15 
3 65 52 66 
3 66 67 65 
3 52 53 68 
3 68 66 52 
3 67 66 68 
3 68 69 67 
3 69 68 57 
3 57 60 69 
3 70 60 59 
3 59 71 70 
3 69 60 70 
3 70 72 69 
3 73 67 69 
3 74 73 72 
3 72 75 74 
3 57 54 64 
3 65 67 76 
3 77 65 76 
3 56 77 76 
3 78 56 76 
3 73 78 76 
3 67 73 76 
3 71 79 80 
3 80 70 71 
3 70 80 75 
3 75 72 70 
3 81 75 82 
3 82 74 81 
3 74 82 83 
3 84 82 75 
3 75 85 84 
3 86 74 83 
3 83 87 86 
3 88 74 86 
3 86 89 88 
3 88 78 74 
3 56 78 88 
3 88 90 56 
3 43 51 56 
3 56 91 43 
3 91 56 90 
3 92 90 88 
3 88 89 92 
3 93 92 89 
3 89 94 93 
3 95 93 94 
3 94 96 95 
3 97 95 96 
3 96 98 97 
3 99 97 98 
3 98 100 99 
3 101 99 100 
3 100 102 101 
3 103 101 102 
3 102 104 103 
3 105 103 104 
3 104 106 105 
3 107 105 106 
3 106 108 107 
3 91 90 92 
3 44 91 92 
3 43 91 44 
3 45 44 92 
3 92 93 45 
3 46 45 93 
3 93 95 46 
3 47 46 95 
3 95 97 47 
3 48 47 97 
3 97 99 48 
3 49 48 99 
3 99 101 49 
3 33 49 101 
3 101 103 33 
3 35 33 103 
3 103 105 35 
3 37 35 105 
3 105 107 37 
3 39 37 107 
3 107 109 39 
3 41 39 109 
3 94 89 86 
3 86 110 94 
3 96 94 110 
3 110 111 96 
3 98 96 111 
3 111 112 98 
3 100 98 112 
3 112 113 100 
3 102 100 113 
3 113 114 102 
3 104 102 114 
3 114 115 104 
3 106 104 115 
3 115 116 106 
3 108 106 116 
3 116 117 108 
3 118 108 117 
3 119 86 87 
3 87 120 119 
3 110 86 119 
3 119 121 110 
3 122 121 119 
3 119 123 122 
3 123 119 124 
3 125 111 110 
3 110 126 125 
3 114 113 127 
3 127 128 114 
3 117 116 129 
3 129 130 117 
3 87 83 131 
3 131 132 87 
3 110 87 132 
3 132 126 110 
3 83 82 133 
3 133 131 83 
3 82 84 134 
3 134 133 82 
3 84 135 136 
3 136 134 84 
3 84 85 135 
3 137 138 136 
3 136 135 137 
3 139 140 141 
3 41 142 143 
3 143 144 41 
3 144 143 145 
3 145 146 144 
3 147 109 107 
3 107 108 147 
3 118 147 108 
3 58 57 64 
3 64 63 58 
3 148 149 63 
3 63 62 148 
3 58 63 149 
3 149 59 58 
3 75 80 85 
3 79 135 85 
3 85 80 79 
3 135 79 137 
3 150 137 79 
3 79 71 150 
3 149 150 71 
3 71 59 149 
3 138 137 150 
3 150 151 138 
3 149 148 151 
3 151 150 149 
3 55 52 65 
3 77 56 55 
3 74 78 73 
3 57 68 53 
3 65 77 55 
3 152 153 123 
3 123 124 152 
3 124 119 120 
3 120 152 124 
3 122 123 153 
3 121 120 87 
3 87 110 121 
3 122 153 152 
3 152 121 122 
3 121 152 120 
3 10 13 12 
3 12 11 10 
3 10 154 14 
3 14 13 10 
3 154 155 8 
3 8 14 154 
3 14 8 7 
3 113 112 156 
3 156 127 113 
3 156 112 111 
3 111 125 156 
3 129 116 115 
3 115 157 129 
3 128 157 115 
3 115 114 128 
3 117 130 158 
3 158 118 117 
3 159 160 140 
3 140 161 159 
3 161 147 118 
3 118 159 161 
3 141 140 160 
3 41 144 40 
3 118 158 146 
3 146 145 162 
3 162 118 146 
3 118 162 159 
3 162 139 160 
3 160 159 162 
3 160 139 141 
3 140 139 162 
3 162 161 140 
3 162 145 143 
3 143 161 162 
3 161 143 142 
3 161 142 147 
3 142 41 109 
3 109 147 142 
3 21 163 22 
3 19 22 163 
3 163 18 19 
3 19 24 22 
3 1 0 164 
3 164 165 1 
3 0 4 166 
3 166 164 0 
3 4 6 167 
3 167 166 4 
3 167 6 8 
3 168 10 9 
3 165 164 169 
3 169 170 165 
3 164 166 171 
3 171 169 164 
3 171 166 167 
3 17 172 15 
3 17 18 173 
3 173 172 17 
3 174 21 20 
3 20 175 174 
3 175 20 176 
3 20 25 177 
3 177 176 20 
3 25 1 165 
3 165 177 25 
3 177 165 178 
3 165 170 179 
3 179 178 165 
3 170 168 180 
3 180 179 170 
3 180 168 9 
3 180 9 31 
3 31 181 180 
3 31 32 182 
3 182 181 31 
3 32 34 183 
3 183 182 32 
3 34 36 184 
3 184 183 34 
3 36 38 185 
3 185 184 36 
3 38 40 186 
3 186 185 38 
3 187 173 175 
3 188 187 175 
3 188 175 176 
3 176 189 188 
3 176 177 190 
3 190 189 176 
3 177 178 191 
3 191 190 177 
3 178 179 192 
3 192 191 178 
3 179 180 193 
3 193 192 179 
3 180 181 194 
3 194 193 180 
3 194 181 182 
3 195 196 187 
3 187 188 195 
3 196 197 173 
3 173 187 196 
3 173 197 198 
3 198 172 173 
3 172 198 199 
3 200 201 196 
3 196 195 200 
3 196 201 197 
3 198 202 199 
3 203 204 202 
3 202 205 203 
3 62 61 206 
3 206 207 62 
3 199 206 15 
3 15 172 199 
3 15 206 61 
3 197 208 209 
3 209 210 197 
3 198 197 210 
3 210 211 198 
3 210 209 212 
3 212 211 210 
3 211 212 205 
3 205 202 211 
3 205 213 214 
3 214 203 205 
3 205 212 215 
3 215 213 205 
3 212 209 216 
3 216 217 218 
3 218 215 216 
3 206 199 202 
3 219 209 208 
3 219 208 220 
3 219 220 200 
3 219 200 221 
3 219 221 216 
3 219 216 209 
3 222 214 213 
3 213 223 222 
3 223 213 215 
3 215 218 223 
3 224 218 225 
3 225 226 224 
3 226 225 217 
3 224 227 228 
3 228 218 224 
3 217 229 230 
3 230 226 217 
3 217 231 232 
3 232 229 217 
3 217 221 231 
3 221 200 233 
3 233 231 221 
3 200 195 188 
3 188 233 200 
3 233 188 234 
3 233 235 232 
3 232 231 233 
3 235 236 237 
3 237 232 235 
3 236 238 239 
3 239 237 236 
3 238 240 241 
3 241 239 238 
3 240 242 243 
3 243 241 240 
3 242 244 245 
3 245 243 242 
3 244 246 247 
3 247 245 244 
3 246 248 249 
3 249 247 246 
3 248 250 251 
3 251 249 248 
3 235 233 234 
3 235 234 189 
3 189 234 188 
3 189 190 236 
3 236 235 189 
3 190 191 238 
3 238 236 190 
3 191 192 240 
3 240 238 191 
3 192 193 242 
3 242 240 192 
3 193 194 244 
3 244 242 193 
3 194 182 246 
3 246 244 194 
3 182 183 248 
3 248 246 182 
3 183 184 250 
3 250 248 183 
3 184 185 252 
3 252 250 184 
3 252 185 186 
3 232 237 253 
3 253 229 232 
3 237 239 254 
3 254 253 237 
3 239 241 255 
3 255 254 239 
3 241 243 256 
3 256 255 241 
3 243 245 257 
3 257 256 243 
3 245 247 258 
3 258 257 245 
3 247 249 259 
3 259 258 247 
3 249 251 260 
3 260 259 249 
3 260 251 261 
3 229 262 263 
3 263 230 229 
3 229 253 264 
3 264 262 229 
3 262 264 265 
3 265 266 262 
3 266 265 267 
3 254 125 126 
3 126 253 254 
3 256 257 128 
3 128 127 256 
3 259 260 130 
3 130 129 259 
3 226 230 132 
3 132 131 226 
3 230 253 126 
3 126 132 230 
3 224 226 131 
3 131 133 224 
3 227 224 133 
3 133 134 227 
3 268 227 134 
3 134 136 268 
3 268 228 227 
3 138 269 268 
3 268 136 138 
3 270 271 272 
3 273 186 144 
3 144 274 273 
3 274 144 146 
3 146 275 274 
3 252 276 251 
3 251 250 252 
3 251 276 261 
3 202 204 207 
3 207 206 202 
3 277 148 62 
3 62 207 277 
3 207 204 203 
3 203 277 207 
3 228 223 218 
3 268 222 223 
3 223 228 268 
3 269 222 268 
3 269 278 214 
3 214 222 269 
3 278 277 203 
3 203 214 278 
3 269 138 151 
3 151 278 269 
3 148 277 278 
3 278 151 148 
3 208 197 201 
3 201 200 220 
3 216 221 217 
3 198 211 202 
3 201 220 208 
3 279 280 266 
3 266 267 279 
3 262 266 280 
3 280 263 262 
3 279 267 265 
3 263 264 253 
3 253 230 263 
3 280 279 265 
3 265 263 280 
3 263 265 264 
3 169 10 168 
3 168 170 169 
3 154 10 169 
3 169 171 154 
3 154 167 8 
3 167 154 171 
3 255 256 127 
3 127 156 255 
3 255 156 125 
3 125 254 255 
3 259 129 157 
3 157 258 259 
3 157 128 257 
3 257 258 157 
3 130 260 261 
3 261 158 130 
3 281 282 283 
3 283 271 281 
3 276 283 282 
3 282 261 276 
3 281 271 270 
3 40 144 186 
3 146 158 261 
3 284 275 146 
3 146 282 284 
3 282 146 261 
3 272 284 282 
3 282 281 272 
3 270 272 281 
3 272 271 283 
3 283 284 272 
3 275 284 283 
3 283 274 275 
3 273 274 283 
3 276 273 283 
3 186 273 276 
3 276 252 186 
3 174 163 21 
3 174 173 18 
3 18 163 174 
3 174 175 173 
3 216 215 212 
3 69 72 73 
3 285 286 287 
3 287 288 285 
3 289 285 288 
3 288 290 289 
3 291 289 290 
3 290 292 291 
3 293 291 292 
3 294 295 296 
3 288 287 297 
3 297 298 288 
3 290 288 298 
3 298 299 290 
3 292 290 299 
3 300 301 302 
3 303 302 301 
3 301 304 303 
3 305 306 307 
3 307 308 305 
3 308 307 309 
3 310 305 308 
3 308 311 310 
3 286 310 311 
3 311 287 286 
3 312 287 311 
3 297 287 312 
3 312 313 297 
3 296 297 313 
3 313 314 296 
3 294 296 314 
3 294 314 315 
3 315 316 294 
3 317 316 315 
3 315 318 317 
3 319 317 318 
3 318 320 319 
3 321 319 320 
3 320 322 321 
3 323 321 322 
3 322 324 323 
3 325 323 324 
3 324 326 325 
3 309 304 327 
3 309 327 328 
3 309 328 329 
3 329 308 309 
3 311 308 329 
3 329 330 311 
3 312 311 330 
3 330 331 312 
3 313 312 331 
3 331 332 313 
3 314 313 332 
3 332 333 314 
3 315 314 333 
3 333 334 315 
3 318 315 334 
3 335 336 328 
3 328 327 335 
3 337 335 327 
3 327 304 337 
3 338 337 304 
3 304 301 338 
3 339 338 301 
3 340 341 336 
3 336 335 340 
3 337 340 335 
3 339 342 338 
3 343 344 345 
3 345 342 343 
3 346 347 348 
3 348 349 346 
3 349 339 301 
3 301 300 349 
3 346 349 300 
3 350 337 351 
3 351 352 350 
3 337 338 353 
3 353 351 337 
3 352 351 353 
3 353 354 352 
3 354 353 342 
3 342 345 354 
3 355 345 344 
3 344 356 355 
3 354 345 355 
3 355 357 354 
3 358 352 354 
3 359 358 357 
3 357 360 359 
3 342 339 349 
3 350 352 361 
3 362 350 361 
3 341 362 361 
3 363 341 361 
3 358 363 361 
3 352 358 361 
3 356 364 365 
3 365 355 356 
3 355 365 360 
3 360 357 355 
3 366 360 367 
3 367 359 366 
3 359 367 368 
3 369 367 360 
3 360 370 369 
3 371 359 368 
3 368 372 371 
3 373 359 371 
3 371 374 373 
3 373 363 359 
3 341 363 373 
3 373 375 341 
3 328 336 341 
3 341 376 328 
3 376 341 375 
3 377 375 373 
3 373 374 377 
3 378 377 374 
3 374 379 378 
3 380 378 379 
3 379 381 380 
3 382 380 381 
3 381 383 382 
3 384 382 383 
3 383 385 384 
3 386 384 385 
3 385 387 386 
3 388 386 387 
3 387 389 388 
3 390 388 389 
3 389 391 390 
3 392 390 391 
3 391 393 392 
3 376 375 377 
3 329 376 377 
3 328 376 329 
3 330 329 377 
3 377 378 330 
3 331 330 378 
3 378 380 331 
3 332 331 380 
3 380 382 332 
3 333 332 382 
3 382 384 333 
3 334 333 384 
3 384 386 334 
3 318 334 386 
3 386 388 318 
3 320 318 388 
3 388 390 320 
3 322 320 390 
3 390 392 322 
3 324 322 392 
3 392 394 324 
3 326 324 394 
3 379 374 371 
3 371 395 379 
3 381 379 395 
3 395 396 381 
3 383 381 396 
3 396 397 383 
3 385 383 397 
3 397 398 385 
3 387 385 398 
3 398 399 387 
3 389 387 399 
3 399 400 389 
3 391 389 400 
3 400 401 391 
3 393 391 401 
3 401 402 393 
3 403 393 402 
3 404 371 372 
3 372 405 404 
3 395 371 404 
3 404 406 395 
3 407 406 404 
3 404 408 407 
3 408 404 409 
3 410 396 395 
3 395 411 410 
3 399 398 412 
3 412 413 399 
3 402 401 414 
3 414 415 402 
3 372 368 416 
3 416 417 372 
3 395 372 417 
3 417 411 395 
3 368 367 418 
3 418 416 368 
3 367 369 419 
3 419 418 367 
3 369 420 421 
3 421 419 369 
3 369 370 420 
3 422 423 421 
3 421 420 422 
3 424 425 426 
3 326 427 428 
3 428 429 326 
3 429 428 430 
3 430 431 429 
3 432 394 392 
3 392 393 432 
3 403 432 393 
3 343 342 349 
3 349 348 343 
3 433 434 348 
3 348 347 433 
3 343 348 434 
3 434 344 343 
3 360 365 370 
3 364 420 370 
3 370 365 364 
3 420 364 422 
3 435 422 364 
3 364 356 435 
3 434 435 356 
3 356 344 434 
3 423 422 435 
3 435 436 423 
3 434 433 436 
3 436 435 434 
3 340 337 350 
3 362 341 340 
3 359 363 358 
3 342 353 338 
3 350 362 340 
3 437 438 408 
3 408 409 437 
3 409 404 405 
3 405 437 409 
3 407 408 438 
3 406 405 372 
3 372 395 406 
3 407 438 437 
3 437 406 407 
3 406 437 405 
3 295 298 297 
3 297 296 295 
3 295 439 299 
3 299 298 295 
3 439 440 293 
3 293 299 439 
3 299 293 292 
3 398 397 441 
3 441 412 398 
3 441 397 396 
3 396 410 441 
3 414 401 400 
3 400 442 414 
3 413 442 400 
3 400 399 413 
3 402 415 443 
3 443 403 402 
3 444 445 425 
3 425 446 444 
3 446 432 403 
3 403 444 446 
3 426 425 445 
3 326 429 325 
3 403 443 431 
3 431 430 447 
3 447 403 431 
3 403 447 444 
3 447 424 445 
3 445 444 447 
3 445 424 426 
3 425 424 447 
3 447 446 425 
3 447 430 428 
3 428 446 447 
3 446 428 427 
3 446 427 432 
3 427 326 394 
3 394 432 427 
3 306 448 307 
3 304 307 448 
3 448 303 304 
3 304 309 307 
3 286 285 449 
3 449 450 286 
3 285 289 451 
3 451 449 285 
3 289 291 452 
3 452 451 289 
3 452 291 293 
3 453 295 294 
3 450 449 454 
3 454 455 450 
3 449 451 456 
3 456 454 449 
3 456 451 452 
3 302 457 300 
3 302 303 458 
3 458 457 302 
3 459 306 305 
3 305 460 459 
3 460 305 461 
3 305 310 462 
3 462 461 305 
3 310 286 450 
3 450 462 310 
3 462 450 463 
3 450 455 464 
3 464 463 450 
3 455 453 465 
3 465 464 455 
3 465 453 294 
3 465 294 316 
3 316 466 465 
3 316 317 467 
3 467 466 316 
3 317 319 468 
3 468 467 317 
3 319 321 469 
3 469 468 319 
3 321 323 470 
3 470 469 321 
3 323 325 471 
3 471 470 323 
3 472 458 460 
3 473 472 460 
3 473 460 461 
3 461 474 473 
3 461 462 475 
3 475 474 461 
3 462 463 476 
3 476 475 462 
3 463 464 477 
3 477 476 463 
3 464 465 478 
3 478 477 464 
3 465 466 479 
3 479 478 465 
3 479 466 467 
3 480 481 472 
3 472 473 480 
3 481 482 458 
3 458 472 481 
3 458 482 483 
3 483 457 458 
3 457 483 484 
3 485 486 481 
3 481 480 485 
3 481 486 482 
3 483 487 484 
3 488 489 487 
3 487 490 488 
3 347 346 491 
3 491 492 347 
3 484 491 300 
3 300 457 484 
3 300 491 346 
3 482 493 494 
3 494 495 482 
3 483 482 495 
3 495 496 483 
3 495 494 497 
3 497 496 495 
3 496 497 490 
3 490 487 496 
3 490 498 499 
3 499 488 490 
3 490 497 500 
3 500 498 490 
3 497 494 501 
3 501 502 503 
3 503 500 501 
3 491 484 487 
3 504 494 493 
3 504 493 505 
3 504 505 485 
3 504 485 506 
3 504 506 501 
3 504 501 494 
3 507 499 498 
3 498 508 507 
3 508 498 500 
3 500 503 508 
3 509 503 510 
3 510 511 509 
3 511 510 502 
3 509 512 513 
3 513 503 509 
3 502 514 515 
3 515 511 502 
3 502 516 517 
3 517 514 502 
3 502 506 516 
3 506 485 518 
3 518 516 506 
3 485 480 473 
3 473 518 485 
3 518 473 519 
3 518 520 517 
3 517 516 518 
3 520 521 522 
3 522 517 520 
3 521 523 524 
3 524 522 521 
3 523 525 526 
3 526 524 523 
3 525 527 528 
3 528 526 525 
3 527 529 530 
3 530 528 527 
3 529 531 532 
3 532 530 529 
3 531 533 534 
3 534 532 531 
3 533 535 536 
3 536 534 533 
3 520 518 519 
3 520 519 474 
3 474 519 473 
3 474 475 521 
3 521 520 474 
3 475 476 523 
3 523 521 475 
3 476 477 525 
3 525 523 476 
3 477 478 527 
3 527 525 477 
3 478 479 529 
3 529 527 478 
3 479 467 531 
3 531 529 479 
3 467 468 533 
3 533 531 467 
3 468 469 535 
3 535 533 468 
3 469 470 537 
3 537 535 469 
3 537 470 471 
3 517 522 538 
3 538 514 517 
3 522 524 539 
3 539 538 522 
3 524 526 540 
3 540 539 524 
3 526 528 541 
3 541 540 526 
3 528 530 542 
3 542 541 528 
3 530 532 543 
3 543 542 530 
3 532 534 544 
3 544 543 532 
3 534 536 545 
3 545 544 534 
3 545 536 546 
3 514 547 548 
3 548 515 514 
3 514 538 549 
3 549 547 514 
3 547 549 550 
3 550 551 547 
3 551 550 552 
3 539 410 411 
3 411 538 539 
3 541 542 413 
3 413 412 541 
3 544 545 415 
3 415 414 544 
3 511 515 417 
3 417 416 511 
3 515 538 411 
3 411 417 515 
3 509 511 416 
3 416 418 509 
3 512 509 418 
3 418 419 512 
3 553 512 419 
3 419 421 553 
3 553 513 512 
3 423 554 553 
3 553 421 423 
3 555 556 557 
3 558 471 429 
3 429 559 558 
3 559 429 431 
3 431 560 559 
3 537 561 536 
3 536 535 537 
3 536 561 546 
3 487 489 492 
3 492 491 487 
3 562 433 347 
3 347 492 562 
3 492 489 488 
3 488 562 492 
3 513 508 503 
3 553 507 508 
3 508 513 553 
3 554 507 553 
3 554 563 499 
3 499 507 554 
3 563 562 488 
3 488 499 563 
3 554 423 436 
3 436 563 554 
3 433 562 563 
3 563 436 433 
3 493 482 486 
3 486 485 505 
3 501 506 502 
3 483 496 487 
3 486 505 493 
3 564 565 551 
3 551 552 564 
3 547 551 565 
3 565 548 547 
3 564 552 550 
3 548 549 538 
3 538 515 548 
3 565 564 550 
3 550 548 565 
3 548 550 549 
3 454 295 453 
3 453 455 454 
3 439 295 454 
3 454 456 439 
3 439 452 293 
3 452 439 456 
3 540 541 412 
3 412 441 540 
3 540 441 410 
3 410 539 540 
3 544 414 442 
3 442 543 544 
3 442 413 542 
3 542 543 442 
3 415 545 546 
3 546 443 415 
3 566 567 568 
3 568 556 566 
3 561 568 567 
3 567 546 561 
3 566 556 555 
3 325 429 471 
3 431 443 546 
3 569 560 431 
3 431 567 569 
3 567 431 546 
3 557 569 567 
3 567 566 557 
3 555 557 566 
3 557 556 568 
3 568 569 557 
3 560 569 568 
3 568 559 560 
3 558 559 568 
3 561 558 568 
3 471 558 561 
3 561 537 471 
3 459 448 306 
3 459 458 303 
3 303 448 459 
3 459 460 458 
3 501 500 497 
3 354 357 358 
3 570 571 572 
3 572 573 570 
3 574 570 573 
3 573 575 574 
3 576 574 575 
3 575 577 576 
3 578 576 577 
3 579 580 581 
3 573 572 582 
3 582 583 573 
3 575 573 583 
3 583 584 575 
3 577 575 584 
3 585 586 587 
3 588 587 586 
3 586 589 588 
3 590 591 592 
3 592 593 590 
3 593 592 594 
3 595 590 593 
3 593 596 595 
3 571 595 596 
3 596 572 571 
3 597 572 596 
3 582 572 597 
3 597 598 582 
3 581 582 598 
3 598 599 581 
3 579 581 599 
3 579 599 600 
3 600 601 579 
3 602 601 600 
3 600 603 602 
3 604 602 603 
3 603 605 604 
3 606 604 605 
3 605 607 606 
3 608 606 607 
3 607 609 608 
3 610 608 609 
3 609 611 610 
3 594 589 612 
3 594 612 613 
3 594 613 614 
3 614 593 594 
3 596 593 614 
3 614 615 596 
3 597 596 615 
3 615 616 597 
3 598 597 616 
3 616 617 598 
3 599 598 617 
3 617 618 599 
3 600 599 618 
3 618 619 600 
3 603 600 619 
3 620 621 613 
3 613 612 620 
3 622 620 612 
3 612 589 622 
3 623 622 589 
3 589 586 623 
3 624 623 586 
3 625 626 621 
3 621 620 625 
3 622 625 620 
3 624 627 623 
3 628 629 630 
3 630 627 628 
3 631 632 633 
3 633 634 631 
3 634 624 586 
3 586 585 634 
3 631 634 585 
3 635 622 636 
3 636 637 635 
3 622 623 638 
3 638 636 622 
3 637 636 638 
3 638 639 637 
3 639 638 627 
3 627 630 639 
3 640 630 629 
3 629 641 640 
3 639 630 640 
3 640 642 639 
3 643 637 639 
3 644 643 642 
3 642 645 644 
3 627 624 634 
3 635 637 646 
3 647 635 646 
3 626 647 646 
3 648 626 646 
3 643 648 646 
3 637 643 646 
3 641 649 650 
3 650 640 641 
3 640 650 645 
3 645 642 640 
3 651 645 652 
3 652 644 651 
3 644 652 653 
3 654 652 645 
3 645 655 654 
3 656 644 653 
3 653 657 656 
3 658 644 656 
3 656 659 658 
3 658 648 644 
3 626 648 658 
3 658 660 626 
3 613 621 626 
3 626 661 613 
3 661 626 660 
3 662 660 658 
3 658 659 662 
3 663 662 659 
3 659 664 663 
3 665 663 664 
3 664 666 665 
3 667 665 666 
3 666 668 667 
3 669 667 668 
3 668 670 669 
3 671 669 670 
3 670 672 671 
3 673 671 672 
3 672 674 673 
3 675 673 674 
3 674 676 675 
3 677 675 676 
3 676 678 677 
3 661 660 662 
3 614 661 662 
3 613 661 614 
3 615 614 662 
3 662 663 615 
3 616 615 663 
3 663 665 616 
3 617 616 665 
3 665 667 617 
3 618 617 667 
3 667 669 618 
3 619 618 669 
3 669 671 619 
3 603 619 671 
3 671 673 603 
3 605 603 673 
3 673 675 605 
3 607 605 675 
3 675 677 607 
3 609 607 677 
3 677 679 609 
3 611 609 679 
3 664 659 656 
3 656 680 664 
3 666 664 680 
3 680 681 666 
3 668 666 681 
3 681 682 668 
3 670 668 682 
3 682 683 670 
3 672 670 683 
3 683 684 672 
3 674 672 684 
3 684 685 674 
3 676 674 685 
3 685 686 676 
3 678 676 686 
3 686 687 678 
3 688 678 687 
3 689 656 657 
3 657 690 689 
3 680 656 689 
3 689 691 680 
3 692 691 689 
3 689 693 692 
3 693 689 694 
3 695 681 680 
3 680 696 695 
3 684 683 697 
3 697 698 684 
3 687 686 699 
3 699 700 687 
3 657 653 701 
3 701 702 657 
3 680 657 702 
3 702 696 680 
3 653 652 703 
3 703 701 653 
3 652 654 704 
3 704 703 652 
3 654 705 706 
3 706 704 654 
3 654 655 705 
3 707 708 706 
3 706 705 707 
3 709 710 711 
3 611 712 713 
3 713 714 611 
3 714 713 715 
3 715 716 714 
3 717 679 677 
3 677 678 717 
3 688 717 678 
3 628 627 634 
3 634 633 628 
3 718 719 633 
3 633 632 718 
3 628 633 719 
3 719 629 628 
3 645 650 655 
3 649 705 655 
3 655 650 649 
3 705 649 707 
3 720 707 649 
3 649 641 720 
3 719 720 641 
3 641 629 719 
3 708 707 720 
3 720 721 708 
3 719 718 721 
3 721 720 719 
3 625 622 635 
3 647 626 625 
3 644 648 643 
3 627 638 623 
3 635 647 625 
3 722 723 693 
3 693 694 722 
3 694 689 690 
3 690 722 694 
3 692 693 723 
3 691 690 657 
3 657 680 691 
3 692 723 722 
3 722 691 692 
3 691 722 690 
3 580 583 582 
3 582 581 580 
3 580 724 584 
3 584 583 580 
3 724 725 578 
3 578 584 724 
3 584 578 577 
3 683 682 726 
3 726 697 683 
3 726 682 681 
3 681 695 726 
3 699 686 685 
3 685 727 699 
3 698 727 685 
3 685 684 698 
3 687 700 728 
3 728 688 687 
3 729 730 710 
3 710 731 729 
3 731 717 688 
3 688 729 731 
3 711 710 730 
3 611 714 610 
3 688 728 716 
3 716 715 732 
3 732 688 716 
3 688 732 729 
3 732 709 730 
3 730 729 732 
3 730 709 711 
3 710 709 732 
3 732 731 710 
3 732 715 713 
3 713 731 732 
3 731 713 712 
3 731 712 717 
3 712 611 679 
3 679 717 712 
3 591 733 592 
3 589 592 733 
3 733 588 589 
3 589 594 592 
3 571 570 734 
3 734 735 571 
3 570 574 736 
3 736 734 570 
3 574 576 737 
3 737 736 574 
3 737 576 578 
3 738 580 579 
3 735 734 739 
3 739 740 735 
3 734 736 741 
3 741 739 734 
3 741 736 737 
3 587 742 585 
3 587 588 743 
3 743 742 587 
3 744 591 590 
3 590 745 744 
3 745 590 746 
3 590 595 747 
3 747 746 590 
3 595 571 735 
3 735 747 595 
3 747 735 748 
3 735 740 749 
3 749 748 735 
3 740 738 750 
3 750 749 740 
3 750 738 579 
3 750 579 601 
3 601 751 750 
3 601 602 752 
3 752 751 601 
3 602 604 753 
3 753 752 602 
3 604 606 754 
3 754 753 604 
3 606 608 755 
3 755 754 606 
3 608 610 756 
3 756 755 608 
3 757 743 745 
3 758 757 745 
3 758 745 746 
3 746 759 758 
3 746 747 760 
3 760 759 746 
3 747 748 761 
3 761 760 747 
3 748 749 762 
3 762 761 748 
3 749 750 763 
3 763 762 749 
3 750 751 764 
3 764 763 750 
3 764 751 752 
3 765 766 757 
3 757 758 765 
3 766 767 743 
3 743 757 766 
3 743 767 768 
3 768 742 743 
3 742 768 769 
3 770 771 766 
3 766 765 770 
3 766 771 767 
3 768 772 769 
3 773 774 772 
3 772 775 773 
3 632 631 776 
3 776 777 632 
3 769 776 585 
3 585 742 769 
3 585 776 631 
3 767 778 779 
3 779 780 767 
3 768 767 780 
3 780 781 768 
3 780 779 782 
3 782 781 780 
3 781 782 775 
3 775 772 781 
3 775 783 784 
3 784 773 775 
3 775 782 785 
3 785 783 775 
3 782 779 786 
3 786 787 788 
3 788 785 786 
3 776 769 772 
3 789 779 778 
3 789 778 790 
3 789 790 770 
3 789 770 791 
3 789 791 786 
3 789 786 779 
3 792 784 783 
3 783 793 792 
3 793 783 785 
3 785 788 793 
3 794 788 795 
3 795 796 794 
3 796 795 787 
3 794 797 798 
3 798 788 794 
3 787 799 800 
3 800 796 787 
3 787 801 802 
3 802 799 787 
3 787 791 801 
3 791 770 803 
3 803 801 791 
3 770 765 758 
3 758 803 770 
3 803 758 804 
3 803 805 802 
3 802 801 803 
3 805 806 807 
3 807 802 805 
3 806 808 809 
3 809 807 806 
3 808 810 811 
3 811 809 808 
3 810 812 813 
3 813 811 810 
3 812 814 815 
3 815 813 812 
3 814 816 817 
3 817 815 814 
3 816 818 819 
3 819 817 816 
3 818 820 821 
3 821 819 818 
3 805 803 804 
3 805 804 759 
3 759 804 758 
3 759 760 806 
3 806 805 759 
3 760 761 808 
3 808 806 760 
3 761 762 810 
3 810 808 761 
3 762 763 812 
3 812 810 762 
3 763 764 814 
3 814 812 763 
3 764 752 816 
3 816 814 764 
3 752 753 818 
3 818 816 752 
3 753 754 820 
3 820 818 753 
3 754 755 822 
3 822 820 754 
3 822 755 756 
3 802 807 823 
3 823 799 802 
3 807 809 824 
3 824 823 807 
3 809 811 825 
3 825 824 809 
3 811 813 826 
3 826 825 811 
3 813 815 827 
3 827 826 813 
3 815 817 828 
3 828 827 815 
3 817 819 829 
3 829 828 817 
3 819 821 830 
3 830 829 819 
3 830 821 831 
3 799 832 833 
3 833 800 799 
3 799 823 834 
3 834 832 799 
3 832 834 835 
3 835 836 832 
3 836 835 837 
3 824 695 696 
3 696 823 824 
3 826 827 698 
3 698 697 826 
3 829 830 700 
3 700 699 829 
3 796 800 702 
3 702 701 796 
3 800 823 696 
3 696 702 800 
3 794 796 701 
3 701 703 794 
3 797 794 703 
3 703 704 797 
3 838 797 704 
3 704 706 838 
3 838 798 797 
3 708 839 838 
3 838 706 708 
3 840 841 842 
3 843 756 714 
3 714 844 843 
3 844 714 716 
3 716 845 844 
3 822 846 821 
3 821 820 822 
3 821 846 831 
3 772 774 777 
3 777 776 772 
3 847 718 632 
3 632 777 847 
3 777 774 773 
3 773 847 777 
3 798 793 788 
3 838 792 793 
3 793 798 838 
3 839 792 838 
3 839 848 784 
3 784 792 839 
3 848 847 773 
3 773 784 848 
3 839 708 721 
3 721 848 839 
3 718 847 848 
3 848 721 718 
3 778 767 771 
3 771 770 790 
3 786 791 787 
3 768 781 772 
3 771 790 778 
3 849 850 836 
3 836 837 849 
3 832 836 850 
3 850 833 832 
3 849 837 835 
3 833 834 823 
3 823 800 833 
3 850 849 835 
3 835 833 850 
3 833 835 834 
3 739 580 738 
3 738 740 739 
3 724 580 739 
3 739 741 724 
3 724 737 578 
3 737 724 741 
3 825 826 697 
3 697 726 825 
3 825 726 695 
3 695 824 825 
3 829 699 727 
3 727 828 829 
3 727 698 827 
3 827 828 727 
3 700 830 831 
3 831 728 700 
3 851 852 853 
3 853 841 851 
3 846 853 852 
3 852 831 846 
3 851 841 840 
3 610 714 756 
3 716 728 831 
3 854 845 716 
3 716 852 854 
3 852 716 831 
3 842 854 852 
3 852 851 842 
3 840 842 851 
3 842 841 853 
3 853 854 842 
3 845 854 853 
3 853 844 845 
3 843 844 853 
3 846 843 853 
3 756 843 846 
3 846 822 756 
3 744 733 591 
3 744 743 588 
3 588 733 744 
3 744 745 743 
3 786 785 782 
3 639 642 643 
