-768 -768 129
-720 -768 129
-720 -720 129
-768 -720 129
-672 -768 129
-672 -720 129
-624 -768 129
-624 -720 129
-576 -720 129
-624 -672 129
-768 -672 129
-720 -672 129
-720 -624 129
-768 -624 129
-672 -672 129
-672 -624 129
-672 -576 129
-624 -624 129
-624 -576 129
-576 -576 129
-576 -768 129
-528 -768 129
-528 -720 129
-480 -768 129
-480 -720 129
-432 -768 129
-432 -720 129
-384 -768 129
-432 -672 129
-576 -672 129
-528 -672 129
-528 -624 129
-576 -624 129
-480 -672 129
-480 -624 129
-528 -576 129
-480 -576 129
-432 -624 129
-384 -624 129
-432 -576 129
-768 -576 129
-720 -576 129
-720 -528 129
-768 -528 129
-672 -528 129
-624 -528 129
-624 -480 129
-768 -480 129
-720 -480 129
-720 -432 129
-768 -432 129
-672 -480 129
-672 -432 129
-624 -432 129
-576 -432 129
-528 -528 129
-576 -528 129
-480 -528 129
-432 -528 129
-432 -480 129
-576 -480 129
-528 -480 129
-528 -432 129
-480 -480 129
-480 -432 129
-528 -384 129
-480 -384 129
-432 -432 129
-384 -432 129
-432 -384 129
-336 -768 129
-336 -720 129
-384 -720 129
-288 -768 129
-288 -720 129
-240 -768 129
-240 -720 129
-192 -720 129
-240 -672 129
-384 -672 129
-336 -672 129
-336 -624 129
-288 -672 129
-288 -624 129
-288 -576 129
-240 -624 129
-240 -576 129
-192 -576 129
-192 -768 129
-144 -768 129
-144 -720 129
-96 -768 129
-96 -720 129
-48 -768 129
-48 -720 129
0 -768 129
0 -720 129
-48 -672 129
-192 -672 129
-144 -672 129
-144 -624 129
-192 -624 129
-96 -672 129
-96 -624 129
-144 -576 129
-96 -576 129
-48 -624 129
0 -624 129
-48 -576 129
0 -576 129
-384 -576 129
-336 -576 129
-336 -528 129
-384 -528 129
-288 -528 129
-240 -528 129
-240 -480 129
-384 -480 129
-336 -480 129
-336 -432 129
-288 -480 129
-288 -432 129
-240 -432 129
-192 -432 129
-144 -528 129
-192 -528 129
-96 -528 129
-48 -528 129
0 -528 129
-48 -480 129
-192 -480 129
-144 -480 129
-144 -432 129
-96 -480 129
-96 -432 129
-144 -384 129
-192 -384 129
-48 -432 129
-768 -384 129
-720 -384 129
-720 -336 129
-768 -336 129
-672 -384 129
-672 -336 129
-624 -384 129
-624 -336 129
-576 -336 129
-624 -288 129
-768 -288 129
-720 -288 129
-720 -240 129
-768 -240 129
-672 -288 129
-672 -240 129
-672 -192 129
-624 -240 129
-624 -192 129
-576 -192 129
-576 -384 129
-528 -336 129
-480 -336 129
-432 -336 129
-432 -288 129
-384 -288 129
-576 -288 129
-528 -288 129
-528 -240 129
-576 -240 129
-480 -288 129
-480 -240 129
-528 -192 129
-480 -192 129
-432 -240 129
-432 -192 129
-768 -192 129
-720 -192 129
-720 -144 129
-768 -144 129
-672 -144 129
-624 -144 129
-624 -96 129
-768 -96 129
-720 -96 129
-720 -48 129
-768 -48 129
-672 -96 129
-672 -48 129
-624 -48 129
-576 -48 129
-528 -144 129
-576 -144 129
-480 -144 129
-432 -144 129
-432 -96 129
-384 -96 129
-576 -96 129
-528 -96 129
-528 -48 129
-480 -96 129
-480 -48 129
-576 0 129
-432 -48 129
-384 -384 129
-336 -384 129
-336 -336 129
-384 -336 129
-288 -384 129
-288 -336 129
-240 -384 129
-240 -336 129
-192 -336 129
-240 -288 129
-336 -288 129
-336 -240 129
-384 -240 129
-288 -288 129
-288 -240 129
-288 -192 129
-240 -240 129
-240 -192 129
-192 -192 129
-144 -336 129
-96 -384 129
-96 -336 129
-48 -384 129
-48 -336 129
0 -384 129
0 -336 129
-48 -288 129
-192 -288 129
-144 -288 129
-144 -240 129
-192 -240 129
-96 -288 129
-96 -240 129
-144 -192 129
-96 -192 129
-48 -240 129
-48 -192 129
-384 -192 129
-336 -192 129
-336 -144 129
-384 -144 129
-288 -144 129
-240 -144 129
-240 -96 129
-336 -96 129
-336 -48 129
-384 -48 129
-288 -96 129
-288 -48 129
-288 0 129
-240 -48 129
-192 -48 129
-240 0 129
-144 -144 129
-192 -144 129
-96 -144 129
-48 -144 129
0 -144 129
-48 -96 129
-192 -96 129
-144 -96 129
-144 -48 129
-96 -96 129
-96 -48 129
-144 0 129
-192 0 129
-48 -48 129
-48 0 129
48 -768 129
48 -720 129
96 -768 129
96 -720 129
144 -768 129
144 -720 129
192 -720 129
144 -672 129
0 -672 129
48 -672 129
48 -624 129
96 -672 129
96 -624 129
96 -576 129
144 -624 129
144 -576 129
192 -576 129
192 -768 129
240 -768 129
240 -720 129
288 -768 129
288 -720 129
336 -768 129
336 -720 129
384 -768 129
336 -672 129
192 -672 129
240 -672 129
240 -624 129
192 -624 129
288 -672 129
288 -624 129
240 -576 129
288 -576 129
336 -624 129
384 -624 129
336 -576 129
48 -576 129
48 -528 129
96 -528 129
144 -528 129
144 -480 129
0 -480 129
48 -480 129
48 -432 129
0 -432 129
96 -480 129
96 -432 129
144 -432 129
192 -432 129
240 -528 129
192 -528 129
288 -528 129
336 -528 129
336 -480 129
192 -480 129
240 -480 129
240 -432 129
288 -480 129
288 -432 129
240 -384 129
288 -384 129
336 -432 129
384 -432 129
336 -384 129
432 -768 129
432 -720 129
384 -720 129
480 -768 129
480 -720 129
528 -768 129
528 -720 129
576 -720 129
528 -672 129
384 -672 129
432 -672 129
432 -624 129
480 -672 129
480 -624 129
480 -576 129
528 -624 129
528 -576 129
576 -576 129
576 -768 129
624 -768 129
624 -720 129
672 -768 129
672 -720 129
720 -768 129
720 -720 129
768 -768 129
768 -720 129
720 -672 129
768 -672 129
576 -672 129
624 -672 129
624 -624 129
576 -624 129
672 -672 129
672 -624 129
624 -576 129
672 -576 129
720 -624 129
768 -624 129
720 -576 129
768 -576 129
384 -576 129
432 -576 129
432 -528 129
384 -528 129
480 -528 129
528 -528 129
528 -480 129
384 -480 129
432 -480 129
432 -432 129
480 -480 129
480 -432 129
528 -432 129
576 -432 129
624 -528 129
576 -528 129
672 -528 129
720 -528 129
768 -528 129
720 -480 129
768 -480 129
576 -480 129
624 -480 129
624 -432 129
672 -480 129
672 -432 129
624 -384 129
576 -384 129
720 -432 129
768 -432 129
48 -384 129
48 -336 129
96 -384 129
96 -336 129
144 -384 129
144 -336 129
192 -336 129
144 -288 129
0 -288 129
48 -288 129
48 -240 129
0 -240 129
96 -288 129
96 -240 129
96 -192 129
144 -240 129
144 -192 129
192 -192 129
192 -384 129
240 -336 129
288 -336 129
336 -336 129
336 -288 129
384 -288 129
192 -288 129
240 -288 129
240 -240 129
192 -240 129
288 -288 129
288 -240 129
240 -192 129
288 -192 129
336 -240 129
336 -192 129
0 -192 129
48 -192 129
48 -144 129
96 -144 129
144 -144 129
144 -96 129
0 -96 129
48 -96 129
48 -48 129
0 -48 129
96 -96 129
96 -48 129
48 0 129
96 0 129
144 -48 129
192 -48 129
144 0 129
240 -144 129
192 -144 129
288 -144 129
336 -144 129
336 -96 129
384 -96 129
192 -96 129
240 -96 129
240 -48 129
288 -96 129
288 -48 129
240 0 129
192 0 129
336 -48 129
336 0 129
384 -384 129
432 -384 129
432 -336 129
384 -336 129
480 -384 129
480 -336 129
528 -384 129
528 -336 129
576 -336 129
528 -288 129
432 -288 129
432 -240 129
384 -240 129
480 -288 129
480 -240 129
480 -192 129
528 -240 129
528 -192 129
576 -192 129
624 -336 129
672 -384 129
672 -336 129
720 -384 129
720 -336 129
768 -384 129
768 -336 129
720 -288 129
768 -288 129
576 -288 129
624 -288 129
624 -240 129
576 -240 129
672 -288 129
672 -240 129
624 -192 129
672 -192 129
720 -240 129
768 -240 129
720 -192 129
768 -192 129
384 -192 129
432 -192 129
432 -144 129
384 -144 129
480 -144 129
528 -144 129
528 -96 129
432 -96 129
432 -48 129
384 -48 129
480 -96 129
480 -48 129
432 0 129
384 0 129
480 0 129
528 -48 129
576 -48 129
624 -144 129
576 -144 129
672 -144 129
720 -144 129
768 -144 129
720 -96 129
768 -96 129
576 -96 129
624 -96 129
624 -48 129
672 -96 129
672 -48 129
672 0 129
720 -48 129
768 -48 129
-768 0 129
-720 0 129
-720 48 129
-768 48 129
-672 0 129
-672 48 129
-624 0 129
-624 48 129
-576 48 129
-624 96 129
-768 96 129
-720 96 129
-720 144 129
-768 144 129
-672 96 129
-672 144 129
-672 192 129
-624 144 129
-624 192 129
-576 192 129
-528 0 129
-528 48 129
-480 0 129
-480 48 129
-432 0 129
-432 48 129
-384 0 129
-432 96 129
-576 96 129
-528 96 129
-528 144 129
-576 144 129
-480 96 129
-480 144 129
-528 192 129
-480 192 129
-432 144 129
-384 144 129
-432 192 129
-768 192 129
-720 192 129
-720 240 129
-768 240 129
-672 240 129
-624 240 129
-624 288 129
-768 288 129
-720 288 129
-720 336 129
-768 336 129
-672 288 129
-672 336 129
-624 336 129
-576 336 129
-528 240 129
-576 240 129
-480 240 129
-432 240 129
-432 288 129
-576 288 129
-528 288 129
-528 336 129
-480 288 129
-480 336 129
-528 384 129
-480 384 129
-432 336 129
-384 336 129
-432 384 129
-336 0 129
-336 48 129
-384 48 129
-288 48 129
-240 48 129
-192 48 129
-240 96 129
-384 96 129
-336 96 129
-336 144 129
-288 96 129
-288 144 129
-288 192 129
-240 144 129
-240 192 129
-192 192 129
-144 48 129
-96 0 129
-96 48 129
-48 48 129
0 48 129
-48 96 129
0 96 129
-192 96 129
-144 96 129
-144 144 129
-192 144 129
-96 96 129
-96 144 129
-144 192 129
-96 192 129
-48 144 129
-48 192 129
-384 192 129
-336 192 129
-336 240 129
-384 240 129
-288 240 129
-240 240 129
-240 288 129
-384 288 129
-336 288 129
-336 336 129
-288 288 129
-288 336 129
-240 336 129
-192 336 129
-144 240 129
-192 240 129
-96 240 129
-48 240 129
0 240 129
-48 288 129
-192 288 129
-144 288 129
-144 336 129
-96 288 129
-96 336 129
-144 384 129
-192 384 129
-48 336 129
-768 384 129
-720 384 129
-720 432 129
-768 432 129
-672 384 129
-672 432 129
-624 384 129
-624 432 129
-576 432 129
-624 480 129
-768 480 129
-720 480 129
-720 528 129
-768 528 129
-672 480 129
-672 528 129
-672 576 129
-624 528 129
-624 576 129
-576 576 129
-576 384 129
-528 432 129
-480 432 129
-432 432 129
-432 480 129
-384 480 129
-576 480 129
-528 480 129
-528 528 129
-576 528 129
-480 480 129
-480 528 129
-528 576 129
-480 576 129
-432 528 129
-432 576 129
-768 576 129
-720 576 129
-720 624 129
-768 624 129
-672 624 129
-624 624 129
-624 672 129
-768 672 129
-720 672 129
-720 720 129
-768 720 129
-672 672 129
-672 720 129
-720 768 129
-768 768 129
-672 768 129
-624 720 129
-576 720 129
-624 768 129
-528 624 129
-576 624 129
-480 624 129
-432 624 129
-432 672 129
-384 672 129
-576 672 129
-528 672 129
-528 720 129
-480 672 129
-480 720 129
-528 768 129
-576 768 129
-480 768 129
-432 720 129
-432 768 129
-384 384 129
-336 384 129
-336 432 129
-384 432 129
-288 384 129
-288 432 129
-240 384 129
-240 432 129
-192 432 129
-240 480 129
-336 480 129
-336 528 129
-384 528 129
-288 480 129
-288 528 129
-288 576 129
-240 528 129
-240 576 129
-192 576 129
-144 432 129
-96 384 129
-96 432 129
-48 384 129
-48 432 129
0 384 129
-48 480 129
0 480 129
-192 480 129
-144 480 129
-144 528 129
-192 528 129
-96 480 129
-96 528 129
-144 576 129
-96 576 129
-48 528 129
0 528 129
-48 576 129
-384 576 129
-336 576 129
-336 624 129
-384 624 129
-288 624 129
-240 624 129
-240 672 129
-336 672 129
-336 720 129
-384 720 129
-288 672 129
-288 720 129
-336 768 129
-384 768 129
-288 768 129
-240 720 129
-192 720 129
-240 768 129
-144 624 129
-192 624 129
-96 624 129
-48 624 129
0 624 129
-48 672 129
0 672 129
-192 672 129
-144 672 129
-144 720 129
-96 672 129
-96 720 129
-144 768 129
-192 768 129
-96 768 129
-48 720 129
0 720 129
-48 768 129
0 768 129
0 0 129
48 48 129
96 48 129
144 48 129
192 48 129
144 96 129
48 96 129
48 144 129
0 144 129
96 96 129
96 144 129
96 192 129
144 144 129
144 192 129
192 192 129
240 48 129
288 0 129
288 48 129
336 48 129
336 96 129
192 96 129
240 96 129
240 144 129
192 144 129
288 96 129
288 144 129
240 192 129
288 192 129
336 144 129
384 144 129
336 192 129
0 192 129
48 192 129
48 240 129
96 240 129
144 240 129
144 288 129
0 288 129
48 288 129
48 336 129
0 336 129
96 288 129
96 336 129
144 336 129
192 336 129
240 240 129
192 240 129
288 240 129
336 240 129
336 288 129
192 288 129
240 288 129
240 336 129
288 288 129
288 336 129
240 384 129
288 384 129
336 336 129
384 336 129
336 384 129
432 48 129
384 48 129
480 48 129
528 0 129
528 48 129
576 48 129
528 96 129
384 96 129
432 96 129
432 144 129
480 96 129
480 144 129
480 192 129
528 144 129
528 192 129
576 192 129
576 0 129
624 0 129
624 48 129
672 48 129
720 0 129
720 48 129
768 0 129
768 48 129
720 96 129
768 96 129
576 96 129
624 96 129
624 144 129
576 144 129
672 96 129
672 144 129
624 192 129
672 192 129
720 144 129
768 144 129
720 192 129
768 192 129
384 192 129
432 192 129
432 240 129
384 240 129
480 240 129
528 240 129
528 288 129
384 288 129
432 288 129
432 336 129
480 288 129
480 336 129
528 336 129
576 336 129
624 240 129
576 240 129
672 240 129
720 240 129
768 240 129
720 288 129
768 288 129
576 288 129
624 288 129
624 336 129
672 288 129
672 336 129
624 384 129
576 384 129
720 336 129
768 336 129
48 384 129
48 432 129
0 432 129
96 384 129
96 432 129
144 384 129
144 432 129
192 432 129
144 480 129
48 480 129
48 528 129
96 480 129
96 528 129
96 576 129
144 528 129
144 576 129
192 576 129
192 384 129
240 432 129
288 432 129
336 432 129
336 480 129
384 480 129
192 480 129
240 480 129
240 528 129
192 528 129
288 480 129
288 528 129
240 576 129
288 576 129
336 528 129
336 576 129
0 576 129
48 576 129
48 624 129
96 624 129
144 624 129
144 672 129
48 672 129
48 720 129
96 672 129
96 720 129
48 768 129
96 768 129
144 720 129
192 720 129
144 768 129
240 624 129
192 624 129
288 624 129
336 624 129
336 672 129
384 672 129
192 672 129
240 672 129
240 720 129
288 672 129
288 720 129
240 768 129
192 768 129
288 768 129
336 720 129
336 768 129
384 384 129
432 384 129
432 432 129
384 432 129
480 384 129
480 432 129
528 384 129
528 432 129
576 432 129
528 480 129
432 480 129
432 528 129
384 528 129
480 480 129
480 528 129
480 576 129
528 528 129
528 576 129
576 576 129
624 432 129
672 384 129
672 432 129
720 384 129
720 432 129
768 384 129
768 432 129
720 480 129
768 480 129
576 480 129
624 480 129
624 528 129
576 528 129
672 480 129
672 528 129
624 576 129
672 576 129
720 528 129
768 528 129
720 576 129
768 576 129
384 576 129
432 576 129
432 624 129
384 624 129
480 624 129
528 624 129
528 672 129
432 672 129
432 720 129
384 720 129
480 672 129
480 720 129
432 768 129
384 768 129
480 768 129
528 720 129
576 720 129
528 768 129
624 624 129
576 624 129
672 624 129
720 624 129
768 624 129
720 672 129
768 672 129
576 672 129
624 672 129
624 720 129
672 672 129
672 720 129
624 768 129
576 768 129
672 768 129
720 720 129
768 720 129
720 768 129
768 768 129
