510 0 -127
515 25 -125
520 24 -125
525 21 -125
529 17 -125
532 13 -125
535 8 -125
536 2 -125
536 -3 -125
535 -9 -125
532 -14 -125
529 -18 -125
525 -22 -125
520 -25 -125
515 -26 -125
510 -27 -125
504 -26 -125
499 -25 -125
494 -22 -125
490 -18 -125
487 -14 -125
484 -9 -125
483 -3 -125
483 2 -125
484 8 -125
487 13 -125
490 17 -125
494 21 -125
499 24 -125
504 25 -125
509 26 -125
520 50 -117
531 47 -117
540 41 -117
548 34 -117
554 25 -117
559 15 -117
561 5 -117
561 -6 -117
559 -16 -117
554 -26 -117
548 -35 -117
540 -42 -117
531 -48 -117
520 -51 -117
510 -52 -117
499 -51 -117
488 -48 -117
479 -42 -117
471 -35 -117
465 -26 -117
460 -16 -117
458 -6 -117
458 5 -117
460 15 -117
465 25 -117
471 34 -117
479 41 -117
488 47 -117
499 50 -117
509 51 -117
525 73 -103
540 68 -103
553 60 -103
565 49 -103
574 37 -103
580 23 -103
584 7 -103
584 -8 -103
580 -24 -103
574 -38 -103
565 -50 -103
553 -61 -103
540 -69 -103
525 -74 -103
510 -75 -103
494 -74 -103
479 -69 -103
466 -61 -103
454 -50 -103
445 -38 -103
439 -24 -103
435 -8 -103
435 7 -103
439 23 -103
445 37 -103
454 49 -103
466 60 -103
479 68 -103
494 73 -103
509 74 -103
529 92 -85
548 86 -85
565 76 -85
580 63 -85
591 47 -85
599 29 -85
603 9 -85
603 -10 -85
599 -30 -85
591 -48 -85
580 -64 -85
565 -77 -85
548 -87 -85
529 -93 -85
510 -95 -85
490 -93 -85
471 -87 -85
454 -77 -85
439 -64 -85
428 -48 -85
420 -30 -85
416 -10 -85
416 9 -85
420 29 -85
428 47 -85
439 63 -85
454 76 -85
471 86 -85
490 92 -85
509 94 -85
532 107 -64
554 100 -64
574 88 -64
591 73 -64
605 54 -64
614 33 -64
619 11 -64
619 -12 -64
614 -34 -64
605 -55 -64
591 -74 -64
574 -89 -64
554 -101 -64
532 -108 -64
510 -110 -64
487 -108 -64
465 -101 -64
445 -89 -64
428 -74 -64
414 -55 -64
405 -34 -64
400 -12 -64
400 11 -64
405 33 -64
414 54 -64
428 73 -64
445 88 -64
465 100 -64
487 107 -64
509 109 -64
535 118 -40
559 110 -40
580 97 -40
599 80 -40
614 60 -40
624 37 -40
630 12 -40
630 -13 -40
624 -38 -40
614 -61 -40
599 -81 -40
580 -98 -40
559 -111 -40
535 -119 -40
510 -121 -40
484 -119 -40
460 -111 -40
439 -98 -40
420 -81 -40
405 -61 -40
395 -38 -40
389 -13 -40
389 12 -40
395 37 -40
405 60 -40
420 80 -40
439 97 -40
460 110 -40
484 118 -40
509 120 -40
536 123 -14
561 115 -14
584 102 -14
603 84 -14
619 63 -14
630 39 -14
635 13 -14
635 -14 -14
630 -40 -14
619 -64 -14
603 -85 -14
584 -103 -14
561 -116 -14
536 -124 -14
510 -127 -14
483 -124 -14
458 -116 -14
435 -103 -14
416 -85 -14
400 -64 -14
389 -40 -14
384 -14 -14
384 13 -14
389 39 -14
400 63 -14
416 84 -14
435 102 -14
458 115 -14
483 123 -14
509 126 -14
536 123 13
561 115 13
584 102 13
603 84 13
619 63 13
630 39 13
635 13 13
635 -14 13
630 -40 13
619 -64 13
603 -85 13
584 -103 13
561 -116 13
536 -124 13
510 -127 13
483 -124 13
458 -116 13
435 -103 13
416 -85 13
400 -64 13
389 -40 13
384 -14 13
384 13 13
389 39 13
400 63 13
416 84 13
435 102 13
458 115 13
483 123 13
509 126 13
535 118 39
559 110 39
580 97 39
599 80 39
614 60 39
624 37 39
630 12 39
630 -13 39
624 -38 39
614 -61 39
599 -81 39
580 -98 39
559 -111 39
535 -119 39
510 -121 39
484 -119 39
460 -111 39
439 -98 39
420 -81 39
405 -61 39
395 -38 39
389 -13 39
389 12 39
395 37 39
405 60 39
420 80 39
439 97 39
460 110 39
484 118 39
509 120 39
532 107 63
554 100 63
574 88 63
591 73 63
605 54 63
614 33 63
619 11 63
619 -12 63
614 -34 63
605 -55 63
591 -74 63
574 -89 63
554 -101 63
532 -108 63
510 -110 63
487 -108 63
465 -101 63
445 -89 63
428 -74 63
414 -55 63
405 -34 63
400 -12 63
400 11 63
405 33 63
414 54 63
428 73 63
445 88 63
465 100 63
487 107 63
509 109 63
529 92 84
548 86 84
565 76 84
580 63 84
591 47 84
599 29 84
603 9 84
603 -10 84
599 -30 84
591 -48 84
580 -64 84
565 -77 84
548 -87 84
529 -93 84
510 -95 84
490 -93 84
471 -87 84
454 -77 84
439 -64 84
428 -48 84
420 -30 84
416 -10 84
416 9 84
420 29 84
428 47 84
439 63 84
454 76 84
471 86 84
490 92 84
509 94 84
525 73 102
540 68 102
553 60 102
565 49 102
574 37 102
580 23 102
584 7 102
584 -8 102
580 -24 102
574 -38 102
565 -50 102
553 -61 102
540 -69 102
525 -74 102
510 -75 102
494 -74 102
479 -69 102
466 -61 102
454 -50 102
445 -38 102
439 -24 102
435 -8 102
435 7 102
439 23 102
445 37 102
454 49 102
466 60 102
479 68 102
494 73 102
509 74 102
520 50 116
531 47 116
540 41 116
548 34 116
554 25 116
559 15 116
561 5 116
561 -6 116
559 -16 116
554 -26 116
548 -35 116
540 -42 116
531 -48 116
520 -51 116
510 -52 116
499 -51 116
488 -48 116
479 -42 116
471 -35 116
465 -26 116
460 -16 116
458 -6 116
458 5 116
460 15 116
465 25 116
471 34 116
479 41 116
488 47 116
499 50 116
509 51 116
515 25 124
520 24 124
525 21 124
529 17 124
532 13 124
535 8 124
536 2 124
536 -3 124
535 -9 124
532 -14 124
529 -18 124
525 -22 124
520 -25 124
515 -26 124
510 -27 124
504 -26 124
499 -25 124
494 -22 124
490 -18 124
487 -14 124
484 -9 124
483 -3 124
483 2 124
484 8 124
487 13 124
490 17 124
494 21 124
499 24 124
504 25 124
509 26 124
510 0 127
