0 0 -278.481
10.9638 54.8191 -274.096
21.9277 52.6264 -274.096
32.8915 46.0481 -274.096
41.6625 37.277 -274.096
48.2408 28.506 -274.096
54.8191 17.5421 -274.096
57.0119 4.38553 -274.096
57.0119 -6.5783 -274.096
54.8191 -19.7349 -274.096
48.2408 -30.6987 -274.096
41.6625 -39.4698 -274.096
32.8915 -48.2408 -274.096
21.9277 -54.8191 -274.096
10.9638 -57.0119 -274.096
0 -59.2047 -274.096
-13.1566 -57.0119 -274.096
-24.1204 -54.8191 -274.096
-35.0842 -48.2408 -274.096
-43.8553 -39.4698 -274.096
-50.4336 -30.6987 -274.096
-57.0119 -19.7349 -274.096
-59.2047 -6.5783 -274.096
-59.2047 4.38553 -274.096
-57.0119 17.5421 -274.096
-50.4336 28.506 -274.096
-43.8553 37.277 -274.096
-35.0842 46.0481 -274.096
-24.1204 52.6264 -274.096
-13.1566 54.8191 -274.096
-2.19277 57.0119 -274.096
21.9277 109.638 -256.554
46.0481 103.06 -256.554
65.783 89.9034 -256.554
83.3251 74.554 -256.554
96.4817 54.8191 -256.554
107.446 32.8915 -256.554
111.831 10.9638 -256.554
111.831 -13.1566 -256.554
107.446 -35.0842 -256.554
96.4817 -57.0119 -256.554
83.3251 -76.7468 -256.554
65.783 -92.0962 -256.554
46.0481 -105.253 -256.554
21.9277 -111.831 -256.554
0 -114.024 -256.554
-24.1204 -111.831 -256.554
-48.2408 -105.253 -256.554
-67.9757 -92.0962 -256.554
-85.5179 -76.7468 -256.554
-98.6744 -57.0119 -256.554
-109.638 -35.0842 -256.554
-114.024 -13.1566 -256.554
-114.024 10.9638 -256.554
-109.638 32.8915 -256.554
-98.6744 54.8191 -256.554
-85.5179 74.554 -256.554
-67.9757 89.9034 -256.554
-48.2408 103.06 -256.554
-24.1204 109.638 -256.554
-2.19277 111.831 -256.554
32.8915 160.072 -225.855
65.783 149.108 -225.855
94.2889 131.566 -225.855
120.602 107.446 -225.855
140.337 81.1323 -225.855
153.494 50.4336 -225.855
162.265 15.3494 -225.855
162.265 -17.5421 -225.855
153.494 -52.6264 -225.855
140.337 -83.3251 -225.855
120.602 -109.638 -225.855
94.2889 -133.759 -225.855
65.783 -151.301 -225.855
32.8915 -162.265 -225.855
0 -164.457 -225.855
-35.0842 -162.265 -225.855
-67.9757 -151.301 -225.855
-96.4817 -133.759 -225.855
-122.795 -109.638 -225.855
-142.53 -83.3251 -225.855
-155.686 -52.6264 -225.855
-164.457 -17.5421 -225.855
-164.457 15.3494 -225.855
-155.686 50.4336 -225.855
-142.53 81.1323 -225.855
-122.795 107.446 -225.855
-96.4817 131.566 -225.855
-67.9757 149.108 -225.855
-35.0842 160.072 -225.855
-2.19277 162.265 -225.855
41.6625 201.734 -186.385
83.3251 188.578 -186.385
120.602 166.65 -186.385
153.494 138.144 -186.385
177.614 103.06 -186.385
195.156 63.5902 -186.385
203.927 19.7349 -186.385
203.927 -21.9277 -186.385
195.156 -65.783 -186.385
177.614 -105.253 -186.385
153.494 -140.337 -186.385
120.602 -168.843 -186.385
83.3251 -190.771 -186.385
41.6625 -203.927 -186.385
0 -208.313 -186.385
-43.8553 -203.927 -186.385
-85.5179 -190.771 -186.385
-122.795 -168.843 -186.385
-155.686 -140.337 -186.385
-179.807 -105.253 -186.385
-197.349 -65.783 -186.385
-206.12 -21.9277 -186.385
-206.12 19.7349 -186.385
-197.349 63.5902 -186.385
-179.807 103.06 -186.385
-155.686 138.144 -186.385
-122.795 166.65 -186.385
-85.5179 188.578 -186.385
-43.8553 201.734 -186.385
-2.19277 206.12 -186.385
48.2408 234.626 -140.337
96.4817 219.277 -140.337
140.337 192.963 -140.337
177.614 160.072 -140.337
208.313 118.409 -140.337
228.048 72.3613 -140.337
239.011 24.1204 -140.337
239.011 -26.3132 -140.337
228.048 -74.554 -140.337
208.313 -120.602 -140.337
177.614 -162.265 -140.337
140.337 -195.156 -140.337
96.4817 -221.469 -140.337
48.2408 -236.819 -140.337
0 -241.204 -140.337
-50.4336 -236.819 -140.337
-98.6744 -221.469 -140.337
-142.53 -195.156 -140.337
-179.807 -162.265 -140.337
-210.505 -120.602 -140.337
-230.24 -74.554 -140.337
-241.204 -26.3132 -140.337
-241.204 24.1204 -140.337
-230.24 72.3613 -140.337
-210.505 118.409 -140.337
-179.807 160.072 -140.337
-142.53 192.963 -140.337
-98.6744 219.277 -140.337
-50.4336 234.626 -140.337
-2.19277 239.011 -140.337
54.8191 258.746 -87.7106
107.446 241.204 -87.7106
153.494 212.698 -87.7106
195.156 175.421 -87.7106
228.048 131.566 -87.7106
249.975 81.1323 -87.7106
263.132 26.3132 -87.7106
263.132 -28.506 -87.7106
249.975 -83.3251 -87.7106
228.048 -133.759 -87.7106
195.156 -177.614 -87.7106
153.494 -214.891 -87.7106
107.446 -243.397 -87.7106
54.8191 -260.939 -87.7106
0 -265.325 -87.7106
-57.0119 -260.939 -87.7106
-109.638 -243.397 -87.7106
-155.686 -214.891 -87.7106
-197.349 -177.614 -87.7106
-230.24 -133.759 -87.7106
-252.168 -83.3251 -87.7106
-265.325 -28.506 -87.7106
-265.325 26.3132 -87.7106
-252.168 81.1323 -87.7106
-230.24 131.566 -87.7106
-197.349 175.421 -87.7106
-155.686 212.698 -87.7106
-109.638 241.204 -87.7106
-57.0119 258.746 -87.7106
-2.19277 263.132 -87.7106
57.0119 269.71 -30.6987
111.831 252.168 -30.6987
162.265 223.662 -30.6987
203.927 184.192 -30.6987
239.011 138.144 -30.6987
263.132 85.5179 -30.6987
274.096 28.506 -30.6987
274.096 -30.6987 -30.6987
263.132 -87.7106 -30.6987
239.011 -140.337 -30.6987
203.927 -186.385 -30.6987
162.265 -225.855 -30.6987
111.831 -254.361 -30.6987
57.0119 -271.903 -30.6987
0 -278.481 -30.6987
-59.2047 -271.903 -30.6987
-114.024 -254.361 -30.6987
-164.457 -225.855 -30.6987
-206.12 -186.385 -30.6987
-241.204 -140.337 -30.6987
-265.325 -87.7106 -30.6987
-276.288 -30.6987 -30.6987
-276.288 28.506 -30.6987
-265.325 85.5179 -30.6987
-241.204 138.144 -30.6987
-206.12 184.192 -30.6987
-164.457 223.662 -30.6987
-114.024 252.168 -30.6987
-59.2047 269.71 -30.6987
-2.19277 276.288 -30.6987
57.0119 269.71 28.506
111.831 252.168 28.506
162.265 223.662 28.506
203.927 184.192 28.506
239.011 138.144 28.506
263.132 85.5179 28.506
274.096 28.506 28.506
274.096 -30.6987 28.506
263.132 -87.7106 28.506
239.011 -140.337 28.506
203.927 -186.385 28.506
162.265 -225.855 28.506
111.831 -254.361 28.506
57.0119 -271.903 28.506
0 -278.481 28.506
-59.2047 -271.903 28.506
-114.024 -254.361 28.506
-164.457 -225.855 28.506
-206.12 -186.385 28.506
-241.204 -140.337 28.506
-265.325 -87.7106 28.506
-276.288 -30.6987 28.506
-276.288 28.506 28.506
-265.325 85.5179 28.506
-241.204 138.144 28.506
-206.12 184.192 28.506
-164.457 223.662 28.506
-114.024 252.168 28.506
-59.2047 269.71 28.506
-2.19277 276.288 28.506
54.8191 258.746 85.5179
107.446 241.204 85.5179
153.494 212.698 85.5179
195.156 175.421 85.5179
228.048 131.566 85.5179
249.975 81.1323 85.5179
263.132 26.3132 85.5179
263.132 -28.506 85.5179
249.975 -83.3251 85.5179
228.048 -133.759 85.5179
195.156 -177.614 85.5179
153.494 -214.891 85.5179
107.446 -243.397 85.5179
54.8191 -260.939 85.5179
0 -265.325 85.5179
-57.0119 -260.939 85.5179
-109.638 -243.397 85.5179
-155.686 -214.891 85.5179
-197.349 -177.614 85.5179
-230.24 -133.759 85.5179
-252.168 -83.3251 85.5179
-265.325 -28.506 85.5179
-265.325 26.3132 85.5179
-252.168 81.1323 85.5179
-230.24 131.566 85.5179
-197.349 175.421 85.5179
-155.686 212.698 85.5179
-109.638 241.204 85.5179
-57.0119 258.746 85.5179
-2.19277 263.132 85.5179
48.2408 234.626 138.144
96.4817 219.277 138.144
140.337 192.963 138.144
177.614 160.072 138.144
208.313 118.409 138.144
228.048 72.3613 138.144
239.011 24.1204 138.144
239.011 -26.3132 138.144
228.048 -74.554 138.144
208.313 -120.602 138.144
177.614 -162.265 138.144
140.337 -195.156 138.144
96.4817 -221.469 138.144
48.2408 -236.819 138.144
0 -241.204 138.144
-50.4336 -236.819 138.144
-98.6744 -221.469 138.144
-142.53 -195.156 138.144
-179.807 -162.265 138.144
-210.505 -120.602 138.144
-230.24 -74.554 138.144
-241.204 -26.3132 138.144
-241.204 24.1204 138.144
-230.24 72.3613 138.144
-210.505 118.409 138.144
-179.807 160.072 138.144
-142.53 192.963 138.144
-98.6744 219.277 138.144
-50.4336 234.626 138.144
-2.19277 239.011 138.144
41.6625 201.734 184.192
83.3251 188.578 184.192
120.602 166.65 184.192
153.494 138.144 184.192
177.614 103.06 184.192
195.156 63.5902 184.192
203.927 19.7349 184.192
203.927 -21.9277 184.192
195.156 -65.783 184.192
177.614 -105.253 184.192
153.494 -140.337 184.192
120.602 -168.843 184.192
83.3251 -190.771 184.192
41.6625 -203.927 184.192
0 -208.313 184.192
-43.8553 -203.927 184.192
-85.5179 -190.771 184.192
-122.795 -168.843 184.192
-155.686 -140.337 184.192
-179.807 -105.253 184.192
-197.349 -65.783 184.192
-206.12 -21.9277 184.192
-206.12 19.7349 184.192
-197.349 63.5902 184.192
-179.807 103.06 184.192
-155.686 138.144 184.192
-122.795 166.65 184.192
-85.5179 188.578 184.192
-43.8553 201.734 184.192
-2.19277 206.12 184.192
32.8915 160.072 223.662
65.783 149.108 223.662
94.2889 131.566 223.662
120.602 107.446 223.662
140.337 81.1323 223.662
153.494 50.4336 223.662
162.265 15.3494 223.662
162.265 -17.5421 223.662
153.494 -52.6264 223.662
140.337 -83.3251 223.662
120.602 -109.638 223.662
94.2889 -133.759 223.662
65.783 -151.301 223.662
32.8915 -162.265 223.662
0 -164.457 223.662
-35.0842 -162.265 223.662
-67.9757 -151.301 223.662
-96.4817 -133.759 223.662
-122.795 -109.638 223.662
-142.53 -83.3251 223.662
-155.686 -52.6264 223.662
-164.457 -17.5421 223.662
-164.457 15.3494 223.662
-155.686 50.4336 223.662
-142.53 81.1323 223.662
-122.795 107.446 223.662
-96.4817 131.566 223.662
-67.9757 149.108 223.662
-35.0842 160.072 223.662
-2.19277 162.265 223.662
21.9277 109.638 254.361
46.0481 103.06 254.361
65.783 89.9034 254.361
83.3251 74.554 254.361
96.4817 54.8191 254.361
107.446 32.8915 254.361
111.831 10.9638 254.361
111.831 -13.1566 254.361
107.446 -35.0842 254.361
96.4817 -57.0119 254.361
83.3251 -76.7468 254.361
65.783 -92.0962 254.361
46.0481 -105.253 254.361
21.9277 -111.831 254.361
0 -114.024 254.361
-24.1204 -111.831 254.361
-48.2408 -105.253 254.361
-67.9757 -92.0962 254.361
-85.5179 -76.7468 254.361
-98.6744 -57.0119 254.361
-109.638 -35.0842 254.361
-114.024 -13.1566 254.361
-114.024 10.9638 254.361
-109.638 32.8915 254.361
-98.6744 54.8191 254.361
-85.5179 74.554 254.361
-67.9757 89.9034 254.361
-48.2408 103.06 254.361
-24.1204 109.638 254.361
-2.19277 111.831 254.361
10.9638 54.8191 271.903
21.9277 52.6264 271.903
32.8915 46.0481 271.903
41.6625 37.277 271.903
48.2408 28.506 271.903
54.8191 17.5421 271.903
57.0119 4.38553 271.903
57.0119 -6.5783 271.903
54.8191 -19.7349 271.903
48.2408 -30.6987 271.903
41.6625 -39.4698 271.903
32.8915 -48.2408 271.903
21.9277 -54.8191 271.903
10.9638 -57.0119 271.903
0 -59.2047 271.903
-13.1566 -57.0119 271.903
-24.1204 -54.8191 271.903
-35.0842 -48.2408 271.903
-43.8553 -39.4698 271.903
-50.4336 -30.6987 271.903
-57.0119 -19.7349 271.903
-59.2047 -6.5783 271.903
-59.2047 4.38553 271.903
-57.0119 17.5421 271.903
-50.4336 28.506 271.903
-43.8553 37.277 271.903
-35.0842 46.0481 271.903
-24.1204 52.6264 271.903
-13.1566 54.8191 271.903
-2.19277 57.0119 271.903
0 0 278.481
-477.474 -47.876 264.284
-471.868 -19.8447 266.527
-466.262 -20.966 266.527
-460.655 -24.3297 266.527
-456.17 -28.8147 266.527
-452.807 -33.2997 266.527
-449.443 -38.906 266.527
-448.322 -45.6335 266.527
-448.322 -51.2398 266.527
-449.443 -57.9673 266.527
-452.807 -63.5735 266.527
-456.17 -68.0585 266.527
-460.655 -72.5435 266.527
-466.262 -75.9073 266.527
-471.868 -77.0285 266.527
-477.474 -78.1498 266.527
-484.202 -77.0285 266.527
-489.808 -75.9073 266.527
-495.414 -72.5435 266.527
-499.899 -68.0585 266.527
-503.263 -63.5735 266.527
-506.627 -57.9673 266.527
-507.748 -51.2398 266.527
-507.748 -45.6335 266.527
-506.627 -38.906 266.527
-503.263 -33.2997 266.527
-499.899 -28.8147 266.527
-495.414 -24.3297 266.527
-489.808 -20.966 266.527
-484.202 -19.8447 266.527
-478.595 -18.7235 266.527
-466.262 8.18657 275.497
-453.928 4.82282 275.497
-443.837 -1.90469 275.497
-434.867 -9.75345 275.497
-428.139 -19.8447 275.497
-422.533 -31.0572 275.497
-420.29 -42.2697 275.497
-420.29 -54.6035 275.497
-422.533 -65.816 275.497
-428.139 -77.0285 275.497
-434.867 -87.1198 275.497
-443.837 -94.9686 275.497
-453.928 -101.696 275.497
-466.262 -105.06 275.497
-477.474 -106.181 275.497
-489.808 -105.06 275.497
-502.142 -101.696 275.497
-512.233 -94.9686 275.497
-521.203 -87.1198 275.497
-527.93 -77.0285 275.497
-533.537 -65.816 275.497
-535.779 -54.6035 275.497
-535.779 -42.2697 275.497
-533.537 -31.0572 275.497
-527.93 -19.8447 275.497
-521.203 -9.75345 275.497
-512.233 -1.90469 275.497
-502.142 4.82282 275.497
-489.808 8.18657 275.497
-478.595 9.30783 275.497
-460.655 33.9754 291.194
-443.837 28.3691 291.194
-429.26 19.3991 291.194
-415.805 7.06532 291.194
-405.714 -6.38969 291.194
-398.987 -22.0872 291.194
-394.502 -40.0272 291.194
-394.502 -56.846 291.194
-398.987 -74.786 291.194
-405.714 -90.4836 291.194
-415.805 -103.939 291.194
-429.26 -116.272 291.194
-443.837 -125.242 291.194
-460.655 -130.849 291.194
-477.474 -131.97 291.194
-495.414 -130.849 291.194
-512.233 -125.242 291.194
-526.809 -116.272 291.194
-540.264 -103.939 291.194
-550.355 -90.4836 291.194
-557.083 -74.786 291.194
-561.568 -56.846 291.194
-561.568 -40.0272 291.194
-557.083 -22.0872 291.194
-550.355 -6.38969 291.194
-540.264 7.06532 291.194
-526.809 19.3991 291.194
-512.233 28.3691 291.194
-495.414 33.9754 291.194
-478.595 35.0966 291.194
-456.17 55.2791 311.377
-434.867 48.5516 311.377
-415.805 37.3391 311.377
-398.987 22.7628 311.377
-386.653 4.82282 311.377
-377.683 -15.3597 311.377
-373.198 -37.7847 311.377
-373.198 -59.0885 311.377
-377.683 -81.5135 311.377
-386.653 -101.696 311.377
-398.987 -119.636 311.377
-415.805 -134.212 311.377
-434.867 -145.425 311.377
-456.17 -152.152 311.377
-477.474 -154.395 311.377
-499.899 -152.152 311.377
-521.203 -145.425 311.377
-540.264 -134.212 311.377
-557.083 -119.636 311.377
-569.417 -101.696 311.377
-578.387 -81.5135 311.377
-582.872 -59.0885 311.377
-582.872 -37.7847 311.377
-578.387 -15.3597 311.377
-569.417 4.82282 311.377
-557.083 22.7628 311.377
-540.264 37.3391 311.377
-521.203 48.5516 311.377
-499.899 55.2791 311.377
-478.595 57.5216 311.377
-452.807 72.0979 334.923
-428.139 64.2491 334.923
-405.714 50.7941 334.923
-386.653 33.9754 334.923
-370.955 12.6716 334.923
-360.864 -10.8747 334.923
-355.258 -35.5422 334.923
-355.258 -61.331 334.923
-360.864 -85.9986 334.923
-370.955 -109.545 334.923
-386.653 -130.849 334.923
-405.714 -147.667 334.923
-428.139 -161.122 334.923
-452.807 -168.971 334.923
-477.474 -171.214 334.923
-503.263 -168.971 334.923
-527.93 -161.122 334.923
-550.355 -147.667 334.923
-569.417 -130.849 334.923
-585.114 -109.545 334.923
-595.206 -85.9986 334.923
-600.812 -61.331 334.923
-600.812 -35.5422 334.923
-595.206 -10.8747 334.923
-585.114 12.6716 334.923
-569.417 33.9754 334.923
-550.355 50.7941 334.923
-527.93 64.2491 334.923
-503.263 72.0979 334.923
-478.595 74.3404 334.923
-449.443 84.4317 361.833
-422.533 75.4617 361.833
-398.987 60.8854 361.833
-377.683 41.8241 361.833
-360.864 19.3991 361.833
-349.651 -6.38969 361.833
-342.924 -34.421 361.833
-342.924 -62.4523 361.833
-349.651 -90.4836 361.833
-360.864 -116.272 361.833
-377.683 -138.697 361.833
-398.987 -157.759 361.833
-422.533 -172.335 361.833
-449.443 -181.305 361.833
-477.474 -183.547 361.833
-506.627 -181.305 361.833
-533.537 -172.335 361.833
-557.083 -157.759 361.833
-578.387 -138.697 361.833
-595.206 -116.272 361.833
-606.418 -90.4836 361.833
-613.146 -62.4523 361.833
-613.146 -34.421 361.833
-606.418 -6.38969 361.833
-595.206 19.3991 361.833
-578.387 41.8241 361.833
-557.083 60.8854 361.833
-533.537 75.4617 361.833
-506.627 84.4317 361.833
-478.595 86.6742 361.833
-448.322 90.0379 390.986
-420.29 81.0679 390.986
-394.502 66.4917 390.986
-373.198 46.3091 390.986
-355.258 22.7628 390.986
-342.924 -4.14719 390.986
-337.318 -33.2997 390.986
-337.318 -63.5735 390.986
-342.924 -92.7261 390.986
-355.258 -119.636 390.986
-373.198 -143.182 390.986
-394.502 -163.365 390.986
-420.29 -177.941 390.986
-448.322 -186.911 390.986
-477.474 -190.275 390.986
-507.748 -186.911 390.986
-535.779 -177.941 390.986
-561.568 -163.365 390.986
-582.872 -143.182 390.986
-600.812 -119.636 390.986
-613.146 -92.7261 390.986
-618.752 -63.5735 390.986
-618.752 -33.2997 390.986
-613.146 -4.14719 390.986
-600.812 22.7628 390.986
-582.872 46.3091 390.986
-561.568 66.4917 390.986
-535.779 81.0679 390.986
-507.748 90.0379 390.986
-478.595 93.4017 390.986
-448.322 90.0379 421.26
-420.29 81.0679 421.26
-394.502 66.4917 421.26
-373.198 46.3091 421.26
-355.258 22.7628 421.26
-342.924 -4.14719 421.26
-337.318 -33.2997 421.26
-337.318 -63.5735 421.26
-342.924 -92.7261 421.26
-355.258 -119.636 421.26
-373.198 -143.182 421.26
-394.502 -163.365 421.26
-420.29 -177.941 421.26
-448.322 -186.911 421.26
-477.474 -190.275 421.26
-507.748 -186.911 421.26
-535.779 -177.941 421.26
-561.568 -163.365 421.26
-582.872 -143.182 421.26
-600.812 -119.636 421.26
-613.146 -92.7261 421.26
-618.752 -63.5735 421.26
-618.752 -33.2997 421.26
-613.146 -4.14719 421.26
-600.812 22.7628 421.26
-582.872 46.3091 421.26
-561.568 66.4917 421.26
-535.779 81.0679 421.26
-507.748 90.0379 421.26
-478.595 93.4017 421.26
-449.443 84.4317 450.412
-422.533 75.4617 450.412
-398.987 60.8854 450.412
-377.683 41.8241 450.412
-360.864 19.3991 450.412
-349.651 -6.38969 450.412
-342.924 -34.421 450.412
-342.924 -62.4523 450.412
-349.651 -90.4836 450.412
-360.864 -116.272 450.412
-377.683 -138.697 450.412
-398.987 -157.759 450.412
-422.533 -172.335 450.412
-449.443 -181.305 450.412
-477.474 -183.547 450.412
-506.627 -181.305 450.412
-533.537 -172.335 450.412
-557.083 -157.759 450.412
-578.387 -138.697 450.412
-595.206 -116.272 450.412
-606.418 -90.4836 450.412
-613.146 -62.4523 450.412
-613.146 -34.421 450.412
-606.418 -6.38969 450.412
-595.206 19.3991 450.412
-578.387 41.8241 450.412
-557.083 60.8854 450.412
-533.537 75.4617 450.412
-506.627 84.4317 450.412
-478.595 86.6742 450.412
-452.807 72.0979 477.322
-428.139 64.2491 477.322
-405.714 50.7941 477.322
-386.653 33.9754 477.322
-370.955 12.6716 477.322
-360.864 -10.8747 477.322
-355.258 -35.5422 477.322
-355.258 -61.331 477.322
-360.864 -85.9986 477.322
-370.955 -109.545 477.322
-386.653 -130.849 477.322
-405.714 -147.667 477.322
-428.139 -161.122 477.322
-452.807 -168.971 477.322
-477.474 -171.214 477.322
-503.263 -168.971 477.322
-527.93 -161.122 477.322
-550.355 -147.667 477.322
-569.417 -130.849 477.322
-585.114 -109.545 477.322
-595.206 -85.9986 477.322
-600.812 -61.331 477.322
-600.812 -35.5422 477.322
-595.206 -10.8747 477.322
-585.114 12.6716 477.322
-569.417 33.9754 477.322
-550.355 50.7941 477.322
-527.93 64.2491 477.322
-503.263 72.0979 477.322
-478.595 74.3404 477.322
-456.17 55.2791 500.868
-434.867 48.5516 500.868
-415.805 37.3391 500.868
-398.987 22.7628 500.868
-386.653 4.82282 500.868
-377.683 -15.3597 500.868
-373.198 -37.7847 500.868
-373.198 -59.0885 500.868
-377.683 -81.5135 500.868
-386.653 -101.696 500.868
-398.987 -119.636 500.868
-415.805 -134.212 500.868
-434.867 -145.425 500.868
-456.17 -152.152 500.868
-477.474 -154.395 500.868
-499.899 -152.152 500.868
-521.203 -145.425 500.868
-540.264 -134.212 500.868
-557.083 -119.636 500.868
-569.417 -101.696 500.868
-578.387 -81.5135 500.868
-582.872 -59.0885 500.868
-582.872 -37.7847 500.868
-578.387 -15.3597 500.868
-569.417 4.82282 500.868
-557.083 22.7628 500.868
-540.264 37.3391 500.868
-521.203 48.5516 500.868
-499.899 55.2791 500.868
-478.595 57.5216 500.868
-460.655 33.9754 521.051
-443.837 28.3691 521.051
-429.26 19.3991 521.051
-415.805 7.06532 521.051
-405.714 -6.38969 521.051
-398.987 -22.0872 521.051
-394.502 -40.0272 521.051
-394.502 -56.846 521.051
-398.987 -74.786 521.051
-405.714 -90.4836 521.051
-415.805 -103.939 521.051
-429.26 -116.272 521.051
-443.837 -125.242 521.051
-460.655 -130.849 521.051
-477.474 -131.97 521.051
-495.414 -130.849 521.051
-512.233 -125.242 521.051
-526.809 -116.272 521.051
-540.264 -103.939 521.051
-550.355 -90.4836 521.051
-557.083 -74.786 521.051
-561.568 -56.846 521.051
-561.568 -40.0272 521.051
-557.083 -22.0872 521.051
-550.355 -6.38969 521.051
-540.264 7.06532 521.051
-526.809 19.3991 521.051
-512.233 28.3691 521.051
-495.414 33.9754 521.051
-478.595 35.0966 521.051
-466.262 8.18657 536.748
-453.928 4.82282 536.748
-443.837 -1.90469 536.748
-434.867 -9.75345 536.748
-428.139 -19.8447 536.748
-422.533 -31.0572 536.748
-420.29 -42.2697 536.748
-420.29 -54.6035 536.748
-422.533 -65.816 536.748
-428.139 -77.0285 536.748
-434.867 -87.1198 536.748
-443.837 -94.9686 536.748
-453.928 -101.696 536.748
-466.262 -105.06 536.748
-477.474 -106.181 536.748
-489.808 -105.06 536.748
-502.142 -101.696 536.748
-512.233 -94.9686 536.748
-521.203 -87.1198 536.748
-527.93 -77.0285 536.748
-533.537 -65.816 536.748
-535.779 -54.6035 536.748
-535.779 -42.2697 536.748
-533.537 -31.0572 536.748
-527.93 -19.8447 536.748
-521.203 -9.75345 536.748
-512.233 -1.90469 536.748
-502.142 4.82282 536.748
-489.808 8.18657 536.748
-478.595 9.30783 536.748
-471.868 -19.8447 545.719
-466.262 -20.966 545.719
-460.655 -24.3297 545.719
-456.17 -28.8147 545.719
-452.807 -33.2997 545.719
-449.443 -38.906 545.719
-448.322 -45.6335 545.719
-448.322 -51.2398 545.719
-449.443 -57.9673 545.719
-452.807 -63.5735 545.719
-456.17 -68.0585 545.719
-460.655 -72.5435 545.719
-466.262 -75.9073 545.719
-471.868 -77.0285 545.719
-477.474 -78.1498 545.719
-484.202 -77.0285 545.719
-489.808 -75.9073 545.719
-495.414 -72.5435 545.719
-499.899 -68.0585 545.719
-503.263 -63.5735 545.719
-506.627 -57.9673 545.719
-507.748 -51.2398 545.719
-507.748 -45.6335 545.719
-506.627 -38.906 545.719
-503.263 -33.2997 545.719
-499.899 -28.8147 545.719
-495.414 -24.3297 545.719
-489.808 -20.966 545.719
-484.202 -19.8447 545.719
-478.595 -18.7235 545.719
-477.474 -47.876 549.082
185.372 27.6383 419.025
190.372 52.6383 421.025
195.372 51.6383 421.025
200.372 48.6383 421.025
204.372 44.6383 421.025
207.372 40.6383 421.025
210.372 35.6383 421.025
211.372 29.6383 421.025
211.372 24.6383 421.025
210.372 18.6383 421.025
207.372 13.6383 421.025
204.372 9.6383 421.025
200.372 5.6383 421.025
195.372 2.6383 421.025
190.372 1.6383 421.025
185.372 0.638302 421.025
179.372 1.6383 421.025
174.372 2.6383 421.025
169.372 5.6383 421.025
165.372 9.6383 421.025
162.372 13.6383 421.025
159.372 18.6383 421.025
158.372 24.6383 421.025
158.372 29.6383 421.025
159.372 35.6383 421.025
162.372 40.6383 421.025
165.372 44.6383 421.025
169.372 48.6383 421.025
174.372 51.6383 421.025
179.372 52.6383 421.025
184.372 53.6383 421.025
195.372 77.6383 429.025
206.372 74.6383 429.025
215.372 68.6383 429.025
223.372 61.6383 429.025
229.372 52.6383 429.025
234.372 42.6383 429.025
236.372 32.6383 429.025
236.372 21.6383 429.025
234.372 11.6383 429.025
229.372 1.6383 429.025
223.372 -7.3617 429.025
215.372 -14.3617 429.025
206.372 -20.3617 429.025
195.372 -23.3617 429.025
185.372 -24.3617 429.025
174.372 -23.3617 429.025
163.372 -20.3617 429.025
154.372 -14.3617 429.025
146.372 -7.3617 429.025
140.372 1.6383 429.025
135.372 11.6383 429.025
133.372 21.6383 429.025
133.372 32.6383 429.025
135.372 42.6383 429.025
140.372 52.6383 429.025
146.372 61.6383 429.025
154.372 68.6383 429.025
163.372 74.6383 429.025
174.372 77.6383 429.025
184.372 78.6383 429.025
200.372 100.638 443.025
215.372 95.6383 443.025
228.372 87.6383 443.025
240.372 76.6383 443.025
249.372 64.6383 443.025
255.372 50.6383 443.025
259.372 34.6383 443.025
259.372 19.6383 443.025
255.372 3.6383 443.025
249.372 -10.3617 443.025
240.372 -22.3617 443.025
228.372 -33.3617 443.025
215.372 -41.3617 443.025
200.372 -46.3617 443.025
185.372 -47.3617 443.025
169.372 -46.3617 443.025
154.372 -41.3617 443.025
141.372 -33.3617 443.025
129.372 -22.3617 443.025
120.372 -10.3617 443.025
114.372 3.6383 443.025
110.372 19.6383 443.025
110.372 34.6383 443.025
114.372 50.6383 443.025
120.372 64.6383 443.025
129.372 76.6383 443.025
141.372 87.6383 443.025
154.372 95.6383 443.025
169.372 100.638 443.025
184.372 101.638 443.025
204.372 119.638 461.025
223.372 113.638 461.025
240.372 103.638 461.025
255.372 90.6383 461.025
266.372 74.6383 461.025
274.372 56.6383 461.025
278.372 36.6383 461.025
278.372 17.6383 461.025
274.372 -2.3617 461.025
266.372 -20.3617 461.025
255.372 -36.3617 461.025
240.372 -49.3617 461.025
223.372 -59.3617 461.025
204.372 -65.3617 461.025
185.372 -67.3617 461.025
165.372 -65.3617 461.025
146.372 -59.3617 461.025
129.372 -49.3617 461.025
114.372 -36.3617 461.025
103.372 -20.3617 461.025
95.3719 -2.3617 461.025
91.3719 17.6383 461.025
91.3719 36.6383 461.025
95.3719 56.6383 461.025
103.372 74.6383 461.025
114.372 90.6383 461.025
129.372 103.638 461.025
146.372 113.638 461.025
165.372 119.638 461.025
184.372 121.638 461.025
207.372 134.638 482.025
229.372 127.638 482.025
249.372 115.638 482.025
266.372 100.638 482.025
280.372 81.6383 482.025
289.372 60.6383 482.025
294.372 38.6383 482.025
294.372 15.6383 482.025
289.372 -6.3617 482.025
280.372 -27.3617 482.025
266.372 -46.3617 482.025
249.372 -61.3617 482.025
229.372 -73.3617 482.025
207.372 -80.3617 482.025
185.372 -82.3617 482.025
162.372 -80.3617 482.025
140.372 -73.3617 482.025
120.372 -61.3617 482.025
103.372 -46.3617 482.025
89.3719 -27.3617 482.025
80.3719 -6.3617 482.025
75.3719 15.6383 482.025
75.3719 38.6383 482.025
80.3719 60.6383 482.025
89.3719 81.6383 482.025
103.372 100.638 482.025
120.372 115.638 482.025
140.372 127.638 482.025
162.372 134.638 482.025
184.372 136.638 482.025
210.372 145.638 506.025
234.372 137.638 506.025
255.372 124.638 506.025
274.372 107.638 506.025
289.372 87.6383 506.025
299.372 64.6383 506.025
305.372 39.6383 506.025
305.372 14.6383 506.025
299.372 -10.3617 506.025
289.372 -33.3617 506.025
274.372 -53.3617 506.025
255.372 -70.3617 506.025
234.372 -83.3617 506.025
210.372 -91.3617 506.025
185.372 -93.3617 506.025
159.372 -91.3617 506.025
135.372 -83.3617 506.025
114.372 -70.3617 506.025
95.3719 -53.3617 506.025
80.3719 -33.3617 506.025
70.3719 -10.3617 506.025
64.3719 14.6383 506.025
64.3719 39.6383 506.025
70.3719 64.6383 506.025
80.3719 87.6383 506.025
95.3719 107.638 506.025
114.372 124.638 506.025
135.372 137.638 506.025
159.372 145.638 506.025
184.372 147.638 506.025
211.372 150.638 532.025
236.372 142.638 532.025
259.372 129.638 532.025
278.372 111.638 532.025
294.372 90.6383 532.025
305.372 66.6383 532.025
310.372 40.6383 532.025
310.372 13.6383 532.025
305.372 -12.3617 532.025
294.372 -36.3617 532.025
278.372 -57.3617 532.025
259.372 -75.3617 532.025
236.372 -88.3617 532.025
211.372 -96.3617 532.025
185.372 -99.3617 532.025
158.372 -96.3617 532.025
133.372 -88.3617 532.025
110.372 -75.3617 532.025
91.3719 -57.3617 532.025
75.3719 -36.3617 532.025
64.3719 -12.3617 532.025
59.3719 13.6383 532.025
59.3719 40.6383 532.025
64.3719 66.6383 532.025
75.3719 90.6383 532.025
91.3719 111.638 532.025
110.372 129.638 532.025
133.372 142.638 532.025
158.372 150.638 532.025
184.372 153.638 532.025
211.372 150.638 559.025
236.372 142.638 559.025
259.372 129.638 559.025
278.372 111.638 559.025
294.372 90.6383 559.025
305.372 66.6383 559.025
310.372 40.6383 559.025
310.372 13.6383 559.025
305.372 -12.3617 559.025
294.372 -36.3617 559.025
278.372 -57.3617 559.025
259.372 -75.3617 559.025
236.372 -88.3617 559.025
211.372 -96.3617 559.025
185.372 -99.3617 559.025
158.372 -96.3617 559.025
133.372 -88.3617 559.025
110.372 -75.3617 559.025
91.3719 -57.3617 559.025
75.3719 -36.3617 559.025
64.3719 -12.3617 559.025
59.3719 13.6383 559.025
59.3719 40.6383 559.025
64.3719 66.6383 559.025
75.3719 90.6383 559.025
91.3719 111.638 559.025
110.372 129.638 559.025
133.372 142.638 559.025
158.372 150.638 559.025
184.372 153.638 559.025
210.372 145.638 585.025
234.372 137.638 585.025
255.372 124.638 585.025
274.372 107.638 585.025
289.372 87.6383 585.025
299.372 64.6383 585.025
305.372 39.6383 585.025
305.372 14.6383 585.025
299.372 -10.3617 585.025
289.372 -33.3617 585.025
274.372 -53.3617 585.025
255.372 -70.3617 585.025
234.372 -83.3617 585.025
210.372 -91.3617 585.025
185.372 -93.3617 585.025
159.372 -91.3617 585.025
135.372 -83.3617 585.025
114.372 -70.3617 585.025
95.3719 -53.3617 585.025
80.3719 -33.3617 585.025
70.3719 -10.3617 585.025
64.3719 14.6383 585.025
64.3719 39.6383 585.025
70.3719 64.6383 585.025
80.3719 87.6383 585.025
95.3719 107.638 585.025
114.372 124.638 585.025
135.372 137.638 585.025
159.372 145.638 585.025
184.372 147.638 585.025
207.372 134.638 609.025
229.372 127.638 609.025
249.372 115.638 609.025
266.372 100.638 609.025
280.372 81.6383 609.025
289.372 60.6383 609.025
294.372 38.6383 609.025
294.372 15.6383 609.025
289.372 -6.3617 609.025
280.372 -27.3617 609.025
266.372 -46.3617 609.025
249.372 -61.3617 609.025
229.372 -73.3617 609.025
207.372 -80.3617 609.025
185.372 -82.3617 609.025
162.372 -80.3617 609.025
140.372 -73.3617 609.025
120.372 -61.3617 609.025
103.372 -46.3617 609.025
89.3719 -27.3617 609.025
80.3719 -6.3617 609.025
75.3719 15.6383 609.025
75.3719 38.6383 609.025
80.3719 60.6383 609.025
89.3719 81.6383 609.025
103.372 100.638 609.025
120.372 115.638 609.025
140.372 127.638 609.025
162.372 134.638 609.025
184.372 136.638 609.025
204.372 119.638 630.025
223.372 113.638 630.025
240.372 103.638 630.025
255.372 90.6383 630.025
266.372 74.6383 630.025
274.372 56.6383 630.025
278.372 36.6383 630.025
278.372 17.6383 630.025
274.372 -2.3617 630.025
266.372 -20.3617 630.025
255.372 -36.3617 630.025
240.372 -49.3617 630.025
223.372 -59.3617 630.025
204.372 -65.3617 630.025
185.372 -67.3617 630.025
165.372 -65.3617 630.025
146.372 -59.3617 630.025
129.372 -49.3617 630.025
114.372 -36.3617 630.025
103.372 -20.3617 630.025
95.3719 -2.3617 630.025
91.3719 17.6383 630.025
91.3719 36.6383 630.025
95.3719 56.6383 630.025
103.372 74.6383 630.025
114.372 90.6383 630.025
129.372 103.638 630.025
146.372 113.638 630.025
165.372 119.638 630.025
184.372 121.638 630.025
200.372 100.638 648.025
215.372 95.6383 648.025
228.372 87.6383 648.025
240.372 76.6383 648.025
249.372 64.6383 648.025
255.372 50.6383 648.025
259.372 34.6383 648.025
259.372 19.6383 648.025
255.372 3.6383 648.025
249.372 -10.3617 648.025
240.372 -22.3617 648.025
228.372 -33.3617 648.025
215.372 -41.3617 648.025
200.372 -46.3617 648.025
185.372 -47.3617 648.025
169.372 -46.3617 648.025
154.372 -41.3617 648.025
141.372 -33.3617 648.025
129.372 -22.3617 648.025
120.372 -10.3617 648.025
114.372 3.6383 648.025
110.372 19.6383 648.025
110.372 34.6383 648.025
114.372 50.6383 648.025
120.372 64.6383 648.025
129.372 76.6383 648.025
141.372 87.6383 648.025
154.372 95.6383 648.025
169.372 100.638 648.025
184.372 101.638 648.025
195.372 77.6383 662.025
206.372 74.6383 662.025
215.372 68.6383 662.025
223.372 61.6383 662.025
229.372 52.6383 662.025
234.372 42.6383 662.025
236.372 32.6383 662.025
236.372 21.6383 662.025
234.372 11.6383 662.025
229.372 1.6383 662.025
223.372 -7.3617 662.025
215.372 -14.3617 662.025
206.372 -20.3617 662.025
195.372 -23.3617 662.025
185.372 -24.3617 662.025
174.372 -23.3617 662.025
163.372 -20.3617 662.025
154.372 -14.3617 662.025
146.372 -7.3617 662.025
140.372 1.6383 662.025
135.372 11.6383 662.025
133.372 21.6383 662.025
133.372 32.6383 662.025
135.372 42.6383 662.025
140.372 52.6383 662.025
146.372 61.6383 662.025
154.372 68.6383 662.025
163.372 74.6383 662.025
174.372 77.6383 662.025
184.372 78.6383 662.025
190.372 52.6383 670.025
195.372 51.6383 670.025
200.372 48.6383 670.025
204.372 44.6383 670.025
207.372 40.6383 670.025
210.372 35.6383 670.025
211.372 29.6383 670.025
211.372 24.6383 670.025
210.372 18.6383 670.025
207.372 13.6383 670.025
204.372 9.6383 670.025
200.372 5.6383 670.025
195.372 2.6383 670.025
190.372 1.6383 670.025
185.372 0.638302 670.025
179.372 1.6383 670.025
174.372 2.6383 670.025
169.372 5.6383 670.025
165.372 9.6383 670.025
162.372 13.6383 670.025
159.372 18.6383 670.025
158.372 24.6383 670.025
158.372 29.6383 670.025
159.372 35.6383 670.025
162.372 40.6383 670.025
165.372 44.6383 670.025
169.372 48.6383 670.025
174.372 51.6383 670.025
179.372 52.6383 670.025
184.372 53.6383 670.025
185.372 27.6383 673.025
