0 0 -127
5 25 -125
10 24 -125
15 21 -125
19 17 -125
22 13 -125
25 8 -125
26 2 -125
26 -3 -125
25 -9 -125
22 -14 -125
19 -18 -125
15 -22 -125
10 -25 -125
5 -26 -125
0 -27 -125
-6 -26 -125
-11 -25 -125
-16 -22 -125
-20 -18 -125
-23 -14 -125
-26 -9 -125
-27 -3 -125
-27 2 -125
-26 8 -125
-23 13 -125
-20 17 -125
-16 21 -125
-11 24 -125
-6 25 -125
-1 26 -125
10 50 -117
21 47 -117
30 41 -117
38 34 -117
44 25 -117
49 15 -117
51 5 -117
51 -6 -117
49 -16 -117
44 -26 -117
38 -35 -117
30 -42 -117
21 -48 -117
10 -51 -117
0 -52 -117
-11 -51 -117
-22 -48 -117
-31 -42 -117
-39 -35 -117
-45 -26 -117
-50 -16 -117
-52 -6 -117
-52 5 -117
-50 15 -117
-45 25 -117
-39 34 -117
-31 41 -117
-22 47 -117
-11 50 -117
-1 51 -117
15 73 -103
30 68 -103
43 60 -103
55 49 -103
64 37 -103
70 23 -103
74 7 -103
74 -8 -103
70 -24 -103
64 -38 -103
55 -50 -103
43 -61 -103
30 -69 -103
15 -74 -103
0 -75 -103
-16 -74 -103
-31 -69 -103
-44 -61 -103
-56 -50 -103
-65 -38 -103
-71 -24 -103
-75 -8 -103
-75 7 -103
-71 23 -103
-65 37 -103
-56 49 -103
-44 60 -103
-31 68 -103
-16 73 -103
-1 74 -103
19 92 -85
38 86 -85
55 76 -85
70 63 -85
81 47 -85
89 29 -85
93 9 -85
93 -10 -85
89 -30 -85
81 -48 -85
70 -64 -85
55 -77 -85
38 -87 -85
19 -93 -85
0 -95 -85
-20 -93 -85
-39 -87 -85
-56 -77 -85
-71 -64 -85
-82 -48 -85
-90 -30 -85
-94 -10 -85
-94 9 -85
-90 29 -85
-82 47 -85
-71 63 -85
-56 76 -85
-39 86 -85
-20 92 -85
-1 94 -85
22 107 -64
44 100 -64
64 88 -64
81 73 -64
95 54 -64
104 33 -64
109 11 -64
109 -12 -64
104 -34 -64
95 -55 -64
81 -74 -64
64 -89 -64
44 -101 -64
22 -108 -64
0 -110 -64
-23 -108 -64
-45 -101 -64
-65 -89 -64
-82 -74 -64
-96 -55 -64
-105 -34 -64
-110 -12 -64
-110 11 -64
-105 33 -64
-96 54 -64
-82 73 -64
-65 88 -64
-45 100 -64
-23 107 -64
-1 109 -64
25 118 -40
49 110 -40
70 97 -40
89 80 -40
104 60 -40
114 37 -40
120 12 -40
120 -13 -40
114 -38 -40
104 -61 -40
89 -81 -40
70 -98 -40
49 -111 -40
25 -119 -40
0 -121 -40
-26 -119 -40
-50 -111 -40
-71 -98 -40
-90 -81 -40
-105 -61 -40
-115 -38 -40
-121 -13 -40
-121 12 -40
-115 37 -40
-105 60 -40
-90 80 -40
-71 97 -40
-50 110 -40
-26 118 -40
-1 120 -40
26 123 -14
51 115 -14
74 102 -14
93 84 -14
109 63 -14
120 39 -14
125 13 -14
125 -14 -14
120 -40 -14
109 -64 -14
93 -85 -14
74 -103 -14
51 -116 -14
26 -124 -14
0 -127 -14
-27 -124 -14
-52 -116 -14
-75 -103 -14
-94 -85 -14
-110 -64 -14
-121 -40 -14
-126 -14 -14
-126 13 -14
-121 39 -14
-110 63 -14
-94 84 -14
-75 102 -14
-52 115 -14
-27 123 -14
-1 126 -14
26 123 13
51 115 13
74 102 13
93 84 13
109 63 13
120 39 13
125 13 13
125 -14 13
120 -40 13
109 -64 13
93 -85 13
74 -103 13
51 -116 13
26 -124 13
0 -127 13
-27 -124 13
-52 -116 13
-75 -103 13
-94 -85 13
-110 -64 13
-121 -40 13
-126 -14 13
-126 13 13
-121 39 13
-110 63 13
-94 84 13
-75 102 13
-52 115 13
-27 123 13
-1 126 13
25 118 39
49 110 39
70 97 39
89 80 39
104 60 39
114 37 39
120 12 39
120 -13 39
114 -38 39
104 -61 39
89 -81 39
70 -98 39
49 -111 39
25 -119 39
0 -121 39
-26 -119 39
-50 -111 39
-71 -98 39
-90 -81 39
-105 -61 39
-115 -38 39
-121 -13 39
-121 12 39
-115 37 39
-105 60 39
-90 80 39
-71 97 39
-50 110 39
-26 118 39
-1 120 39
22 107 63
44 100 63
64 88 63
81 73 63
95 54 63
104 33 63
109 11 63
109 -12 63
104 -34 63
95 -55 63
81 -74 63
64 -89 63
44 -101 63
22 -108 63
0 -110 63
-23 -108 63
-45 -101 63
-65 -89 63
-82 -74 63
-96 -55 63
-105 -34 63
-110 -12 63
-110 11 63
-105 33 63
-96 54 63
-82 73 63
-65 88 63
-45 100 63
-23 107 63
-1 109 63
19 92 84
38 86 84
55 76 84
70 63 84
81 47 84
89 29 84
93 9 84
93 -10 84
89 -30 84
81 -48 84
70 -64 84
55 -77 84
38 -87 84
19 -93 84
0 -95 84
-20 -93 84
-39 -87 84
-56 -77 84
-71 -64 84
-82 -48 84
-90 -30 84
-94 -10 84
-94 9 84
-90 29 84
-82 47 84
-71 63 84
-56 76 84
-39 86 84
-20 92 84
-1 94 84
15 73 102
30 68 102
43 60 102
55 49 102
64 37 102
70 23 102
74 7 102
74 -8 102
70 -24 102
64 -38 102
55 -50 102
43 -61 102
30 -69 102
15 -74 102
0 -75 102
-16 -74 102
-31 -69 102
-44 -61 102
-56 -50 102
-65 -38 102
-71 -24 102
-75 -8 102
-75 7 102
-71 23 102
-65 37 102
-56 49 102
-44 60 102
-31 68 102
-16 73 102
-1 74 102
10 50 116
21 47 116
30 41 116
38 34 116
44 25 116
49 15 116
51 5 116
51 -6 116
49 -16 116
44 -26 116
38 -35 116
30 -42 116
21 -48 116
10 -51 116
0 -52 116
-11 -51 116
-22 -48 116
-31 -42 116
-39 -35 116
-45 -26 116
-50 -16 116
-52 -6 116
-52 5 116
-50 15 116
-45 25 116
-39 34 116
-31 41 116
-22 47 116
-11 50 116
-1 51 116
5 25 124
10 24 124
15 21 124
19 17 124
22 13 124
25 8 124
26 2 124
26 -3 124
25 -9 124
22 -14 124
19 -18 124
15 -22 124
10 -25 124
5 -26 124
0 -27 124
-6 -26 124
-11 -25 124
-16 -22 124
-20 -18 124
-23 -14 124
-26 -9 124
-27 -3 124
-27 2 124
-26 8 124
-23 13 124
-20 17 124
-16 21 124
-11 24 124
-6 25 124
-1 26 124
0 0 127
0 510 -127
5 535 -125
10 534 -125
15 531 -125
19 527 -125
22 523 -125
25 518 -125
26 512 -125
26 507 -125
25 501 -125
22 496 -125
19 492 -125
15 488 -125
10 485 -125
5 484 -125
0 483 -125
-6 484 -125
-11 485 -125
-16 488 -125
-20 492 -125
-23 496 -125
-26 501 -125
-27 507 -125
-27 512 -125
-26 518 -125
-23 523 -125
-20 527 -125
-16 531 -125
-11 534 -125
-6 535 -125
-1 536 -125
10 560 -117
21 557 -117
30 551 -117
38 544 -117
44 535 -117
49 525 -117
51 515 -117
51 504 -117
49 494 -117
44 484 -117
38 475 -117
30 468 -117
21 462 -117
10 459 -117
0 458 -117
-11 459 -117
-22 462 -117
-31 468 -117
-39 475 -117
-45 484 -117
-50 494 -117
-52 504 -117
-52 515 -117
-50 525 -117
-45 535 -117
-39 544 -117
-31 551 -117
-22 557 -117
-11 560 -117
-1 561 -117
15 583 -103
30 578 -103
43 570 -103
55 559 -103
64 547 -103
70 533 -103
74 517 -103
74 502 -103
70 486 -103
64 472 -103
55 460 -103
43 449 -103
30 441 -103
15 436 -103
0 435 -103
-16 436 -103
-31 441 -103
-44 449 -103
-56 460 -103
-65 472 -103
-71 486 -103
-75 502 -103
-75 517 -103
-71 533 -103
-65 547 -103
-56 559 -103
-44 570 -103
-31 578 -103
-16 583 -103
-1 584 -103
19 602 -85
38 596 -85
55 586 -85
70 573 -85
81 557 -85
89 539 -85
93 519 -85
93 500 -85
89 480 -85
81 462 -85
70 446 -85
55 433 -85
38 423 -85
19 417 -85
0 415 -85
-20 417 -85
-39 423 -85
-56 433 -85
-71 446 -85
-82 462 -85
-90 480 -85
-94 500 -85
-94 519 -85
-90 539 -85
-82 557 -85
-71 573 -85
-56 586 -85
-39 596 -85
-20 602 -85
-1 604 -85
22 617 -64
44 610 -64
64 598 -64
81 583 -64
95 564 -64
104 543 -64
109 521 -64
109 498 -64
104 476 -64
95 455 -64
81 436 -64
64 421 -64
44 409 -64
22 402 -64
0 400 -64
-23 402 -64
-45 409 -64
-65 421 -64
-82 436 -64
-96 455 -64
-105 476 -64
-110 498 -64
-110 521 -64
-105 543 -64
-96 564 -64
-82 583 -64
-65 598 -64
-45 610 -64
-23 617 -64
-1 619 -64
25 628 -40
49 620 -40
70 607 -40
89 590 -40
104 570 -40
114 547 -40
120 522 -40
120 497 -40
114 472 -40
104 449 -40
89 429 -40
70 412 -40
49 399 -40
25 391 -40
0 389 -40
-26 391 -40
-50 399 -40
-71 412 -40
-90 429 -40
-105 449 -40
-115 472 -40
-121 497 -40
-121 522 -40
-115 547 -40
-105 570 -40
-90 590 -40
-71 607 -40
-50 620 -40
-26 628 -40
-1 630 -40
26 633 -14
51 625 -14
74 612 -14
93 594 -14
109 573 -14
120 549 -14
125 523 -14
125 496 -14
120 470 -14
109 446 -14
93 425 -14
74 407 -14
51 394 -14
26 386 -14
0 383 -14
-27 386 -14
-52 394 -14
-75 407 -14
-94 425 -14
-110 446 -14
-121 470 -14
-126 496 -14
-126 523 -14
-121 549 -14
-110 573 -14
-94 594 -14
-75 612 -14
-52 625 -14
-27 633 -14
-1 636 -14
26 633 13
51 625 13
74 612 13
93 594 13
109 573 13
120 549 13
125 523 13
125 496 13
120 470 13
109 446 13
93 425 13
74 407 13
51 394 13
26 386 13
0 383 13
-27 386 13
-52 394 13
-75 407 13
-94 425 13
-110 446 13
-121 470 13
-126 496 13
-126 523 13
-121 549 13
-110 573 13
-94 594 13
-75 612 13
-52 625 13
-27 633 13
-1 636 13
25 628 39
49 620 39
70 607 39
89 590 39
104 570 39
114 547 39
120 522 39
120 497 39
114 472 39
104 449 39
89 429 39
70 412 39
49 399 39
25 391 39
0 389 39
-26 391 39
-50 399 39
-71 412 39
-90 429 39
-105 449 39
-115 472 39
-121 497 39
-121 522 39
-115 547 39
-105 570 39
-90 590 39
-71 607 39
-50 620 39
-26 628 39
-1 630 39
22 617 63
44 610 63
64 598 63
81 583 63
95 564 63
104 543 63
109 521 63
109 498 63
104 476 63
95 455 63
81 436 63
64 421 63
44 409 63
22 402 63
0 400 63
-23 402 63
-45 409 63
-65 421 63
-82 436 63
-96 455 63
-105 476 63
-110 498 63
-110 521 63
-105 543 63
-96 564 63
-82 583 63
-65 598 63
-45 610 63
-23 617 63
-1 619 63
19 602 84
38 596 84
55 586 84
70 573 84
81 557 84
89 539 84
93 519 84
93 500 84
89 480 84
81 462 84
70 446 84
55 433 84
38 423 84
19 417 84
0 415 84
-20 417 84
-39 423 84
-56 433 84
-71 446 84
-82 462 84
-90 480 84
-94 500 84
-94 519 84
-90 539 84
-82 557 84
-71 573 84
-56 586 84
-39 596 84
-20 602 84
-1 604 84
15 583 102
30 578 102
43 570 102
55 559 102
64 547 102
70 533 102
74 517 102
74 502 102
70 486 102
64 472 102
55 460 102
43 449 102
30 441 102
15 436 102
0 435 102
-16 436 102
-31 441 102
-44 449 102
-56 460 102
-65 472 102
-71 486 102
-75 502 102
-75 517 102
-71 533 102
-65 547 102
-56 559 102
-44 570 102
-31 578 102
-16 583 102
-1 584 102
10 560 116
21 557 116
30 551 116
38 544 116
44 535 116
49 525 116
51 515 116
51 504 116
49 494 116
44 484 116
38 475 116
30 468 116
21 462 116
10 459 116
0 458 116
-11 459 116
-22 462 116
-31 468 116
-39 475 116
-45 484 116
-50 494 116
-52 504 116
-52 515 116
-50 525 116
-45 535 116
-39 544 116
-31 551 116
-22 557 116
-11 560 116
-1 561 116
5 535 124
10 534 124
15 531 124
19 527 124
22 523 124
25 518 124
26 512 124
26 507 124
25 501 124
22 496 124
19 492 124
15 488 124
10 485 124
5 484 124
0 483 124
-6 484 124
-11 485 124
-16 488 124
-20 492 124
-23 496 124
-26 501 124
-27 507 124
-27 512 124
-26 518 124
-23 523 124
-20 527 124
-16 531 124
-11 534 124
-6 535 124
-1 536 124
0 510 127
0 -510 -127
5 -485 -125
10 -486 -125
15 -489 -125
19 -493 -125
22 -497 -125
25 -502 -125
26 -508 -125
26 -513 -125
25 -519 -125
22 -524 -125
19 -528 -125
15 -532 -125
10 -535 -125
5 -536 -125
0 -537 -125
-6 -536 -125
-11 -535 -125
-16 -532 -125
-20 -528 -125
-23 -524 -125
-26 -519 -125
-27 -513 -125
-27 -508 -125
-26 -502 -125
-23 -497 -125
-20 -493 -125
-16 -489 -125
-11 -486 -125
-6 -485 -125
-1 -484 -125
10 -460 -117
21 -463 -117
30 -469 -117
38 -476 -117
44 -485 -117
49 -495 -117
51 -505 -117
51 -516 -117
49 -526 -117
44 -536 -117
38 -545 -117
30 -552 -117
21 -558 -117
10 -561 -117
0 -562 -117
-11 -561 -117
-22 -558 -117
-31 -552 -117
-39 -545 -117
-45 -536 -117
-50 -526 -117
-52 -516 -117
-52 -505 -117
-50 -495 -117
-45 -485 -117
-39 -476 -117
-31 -469 -117
-22 -463 -117
-11 -460 -117
-1 -459 -117
15 -437 -103
30 -442 -103
43 -450 -103
55 -461 -103
64 -473 -103
70 -487 -103
74 -503 -103
74 -518 -103
70 -534 -103
64 -548 -103
55 -560 -103
43 -571 -103
30 -579 -103
15 -584 -103
0 -585 -103
-16 -584 -103
-31 -579 -103
-44 -571 -103
-56 -560 -103
-65 -548 -103
-71 -534 -103
-75 -518 -103
-75 -503 -103
-71 -487 -103
-65 -473 -103
-56 -461 -103
-44 -450 -103
-31 -442 -103
-16 -437 -103
-1 -436 -103
19 -418 -85
38 -424 -85
55 -434 -85
70 -447 -85
81 -463 -85
89 -481 -85
93 -501 -85
93 -520 -85
89 -540 -85
81 -558 -85
70 -574 -85
55 -587 -85
38 -597 -85
19 -603 -85
0 -605 -85
-20 -603 -85
-39 -597 -85
-56 -587 -85
-71 -574 -85
-82 -558 -85
-90 -540 -85
-94 -520 -85
-94 -501 -85
-90 -481 -85
-82 -463 -85
-71 -447 -85
-56 -434 -85
-39 -424 -85
-20 -418 -85
-1 -416 -85
22 -403 -64
44 -410 -64
64 -422 -64
81 -437 -64
95 -456 -64
104 -477 -64
109 -499 -64
109 -522 -64
104 -544 -64
95 -565 -64
81 -584 -64
64 -599 -64
44 -611 -64
22 -618 -64
0 -620 -64
-23 -618 -64
-45 -611 -64
-65 -599 -64
-82 -584 -64
-96 -565 -64
-105 -544 -64
-110 -522 -64
-110 -499 -64
-105 -477 -64
-96 -456 -64
-82 -437 -64
-65 -422 -64
-45 -410 -64
-23 -403 -64
-1 -401 -64
25 -392 -40
49 -400 -40
70 -413 -40
89 -430 -40
104 -450 -40
114 -473 -40
120 -498 -40
120 -523 -40
114 -548 -40
104 -571 -40
89 -591 -40
70 -608 -40
49 -621 -40
25 -629 -40
0 -631 -40
-26 -629 -40
-50 -621 -40
-71 -608 -40
-90 -591 -40
-105 -571 -40
-115 -548 -40
-121 -523 -40
-121 -498 -40
-115 -473 -40
-105 -450 -40
-90 -430 -40
-71 -413 -40
-50 -400 -40
-26 -392 -40
-1 -390 -40
26 -387 -14
51 -395 -14
74 -408 -14
93 -426 -14
109 -447 -14
120 -471 -14
125 -497 -14
125 -524 -14
120 -550 -14
109 -574 -14
93 -595 -14
74 -613 -14
51 -626 -14
26 -634 -14
0 -637 -14
-27 -634 -14
-52 -626 -14
-75 -613 -14
-94 -595 -14
-110 -574 -14
-121 -550 -14
-126 -524 -14
-126 -497 -14
-121 -471 -14
-110 -447 -14
-94 -426 -14
-75 -408 -14
-52 -395 -14
-27 -387 -14
-1 -384 -14
26 -387 13
51 -395 13
74 -408 13
93 -426 13
109 -447 13
120 -471 13
125 -497 13
125 -524 13
120 -550 13
109 -574 13
93 -595 13
74 -613 13
51 -626 13
26 -634 13
0 -637 13
-27 -634 13
-52 -626 13
-75 -613 13
-94 -595 13
-110 -574 13
-121 -550 13
-126 -524 13
-126 -497 13
-121 -471 13
-110 -447 13
-94 -426 13
-75 -408 13
-52 -395 13
-27 -387 13
-1 -384 13
25 -392 39
49 -400 39
70 -413 39
89 -430 39
104 -450 39
114 -473 39
120 -498 39
120 -523 39
114 -548 39
104 -571 39
89 -591 39
70 -608 39
49 -621 39
25 -629 39
0 -631 39
-26 -629 39
-50 -621 39
-71 -608 39
-90 -591 39
-105 -571 39
-115 -548 39
-121 -523 39
-121 -498 39
-115 -473 39
-105 -450 39
-90 -430 39
-71 -413 39
-50 -400 39
-26 -392 39
-1 -390 39
22 -403 63
44 -410 63
64 -422 63
81 -437 63
95 -456 63
104 -477 63
109 -499 63
109 -522 63
104 -544 63
95 -565 63
81 -584 63
64 -599 63
44 -611 63
22 -618 63
0 -620 63
-23 -618 63
-45 -611 63
-65 -599 63
-82 -584 63
-96 -565 63
-105 -544 63
-110 -522 63
-110 -499 63
-105 -477 63
-96 -456 63
-82 -437 63
-65 -422 63
-45 -410 63
-23 -403 63
-1 -401 63
19 -418 84
38 -424 84
55 -434 84
70 -447 84
81 -463 84
89 -481 84
93 -501 84
93 -520 84
89 -540 84
81 -558 84
70 -574 84
55 -587 84
38 -597 84
19 -603 84
0 -605 84
-20 -603 84
-39 -597 84
-56 -587 84
-71 -574 84
-82 -558 84
-90 -540 84
-94 -520 84
-94 -501 84
-90 -481 84
-82 -463 84
-71 -447 84
-56 -434 84
-39 -424 84
-20 -418 84
-1 -416 84
15 -437 102
30 -442 102
43 -450 102
55 -461 102
64 -473 102
70 -487 102
74 -503 102
74 -518 102
70 -534 102
64 -548 102
55 -560 102
43 -571 102
30 -579 102
15 -584 102
0 -585 102
-16 -584 102
-31 -579 102
-44 -571 102
-56 -560 102
-65 -548 102
-71 -534 102
-75 -518 102
-75 -503 102
-71 -487 102
-65 -473 102
-56 -461 102
-44 -450 102
-31 -442 102
-16 -437 102
-1 -436 102
10 -460 116
21 -463 116
30 -469 116
38 -476 116
44 -485 116
49 -495 116
51 -505 116
51 -516 116
49 -526 116
44 -536 116
38 -545 116
30 -552 116
21 -558 116
10 -561 116
0 -562 116
-11 -561 116
-22 -558 116
-31 -552 116
-39 -545 116
-45 -536 116
-50 -526 116
-52 -516 116
-52 -505 116
-50 -495 116
-45 -485 116
-39 -476 116
-31 -469 116
-22 -463 116
-11 -460 116
-1 -459 116
5 -485 124
10 -486 124
15 -489 124
19 -493 124
22 -497 124
25 -502 124
26 -508 124
26 -513 124
25 -519 124
22 -524 124
19 -528 124
15 -532 124
10 -535 124
5 -536 124
0 -537 124
-6 -536 124
-11 -535 124
-16 -532 124
-20 -528 124
-23 -524 124
-26 -519 124
-27 -513 124
-27 -508 124
-26 -502 124
-23 -497 124
-20 -493 124
-16 -489 124
-11 -486 124
-6 -485 124
-1 -484 124
0 -510 127
510 0 -127
515 25 -125
520 24 -125
525 21 -125
529 17 -125
532 13 -125
535 8 -125
536 2 -125
536 -3 -125
535 -9 -125
532 -14 -125
529 -18 -125
525 -22 -125
520 -25 -125
515 -26 -125
510 -27 -125
504 -26 -125
499 -25 -125
494 -22 -125
490 -18 -125
487 -14 -125
484 -9 -125
483 -3 -125
483 2 -125
484 8 -125
487 13 -125
490 17 -125
494 21 -125
499 24 -125
504 25 -125
509 26 -125
520 50 -117
531 47 -117
540 41 -117
548 34 -117
554 25 -117
559 15 -117
561 5 -117
561 -6 -117
559 -16 -117
554 -26 -117
548 -35 -117
540 -42 -117
531 -48 -117
520 -51 -117
510 -52 -117
499 -51 -117
488 -48 -117
479 -42 -117
471 -35 -117
465 -26 -117
460 -16 -117
458 -6 -117
458 5 -117
460 15 -117
465 25 -117
471 34 -117
479 41 -117
488 47 -117
499 50 -117
509 51 -117
525 73 -103
540 68 -103
553 60 -103
565 49 -103
574 37 -103
580 23 -103
584 7 -103
584 -8 -103
580 -24 -103
574 -38 -103
565 -50 -103
553 -61 -103
540 -69 -103
525 -74 -103
510 -75 -103
494 -74 -103
479 -69 -103
466 -61 -103
454 -50 -103
445 -38 -103
439 -24 -103
435 -8 -103
435 7 -103
439 23 -103
445 37 -103
454 49 -103
466 60 -103
479 68 -103
494 73 -103
509 74 -103
529 92 -85
548 86 -85
565 76 -85
580 63 -85
591 47 -85
599 29 -85
603 9 -85
603 -10 -85
599 -30 -85
591 -48 -85
580 -64 -85
565 -77 -85
548 -87 -85
529 -93 -85
510 -95 -85
490 -93 -85
471 -87 -85
454 -77 -85
439 -64 -85
428 -48 -85
420 -30 -85
416 -10 -85
416 9 -85
420 29 -85
428 47 -85
439 63 -85
454 76 -85
471 86 -85
490 92 -85
509 94 -85
532 107 -64
554 100 -64
574 88 -64
591 73 -64
605 54 -64
614 33 -64
619 11 -64
619 -12 -64
614 -34 -64
605 -55 -64
591 -74 -64
574 -89 -64
554 -101 -64
532 -108 -64
510 -110 -64
487 -108 -64
465 -101 -64
445 -89 -64
428 -74 -64
414 -55 -64
405 -34 -64
400 -12 -64
400 11 -64
405 33 -64
414 54 -64
428 73 -64
445 88 -64
465 100 -64
487 107 -64
509 109 -64
535 118 -40
559 110 -40
580 97 -40
599 80 -40
614 60 -40
624 37 -40
630 12 -40
630 -13 -40
624 -38 -40
614 -61 -40
599 -81 -40
580 -98 -40
559 -111 -40
535 -119 -40
510 -121 -40
484 -119 -40
460 -111 -40
439 -98 -40
420 -81 -40
405 -61 -40
395 -38 -40
389 -13 -40
389 12 -40
395 37 -40
405 60 -40
420 80 -40
439 97 -40
460 110 -40
484 118 -40
509 120 -40
536 123 -14
561 115 -14
584 102 -14
603 84 -14
619 63 -14
630 39 -14
635 13 -14
635 -14 -14
630 -40 -14
619 -64 -14
603 -85 -14
584 -103 -14
561 -116 -14
536 -124 -14
510 -127 -14
483 -124 -14
458 -116 -14
435 -103 -14
416 -85 -14
400 -64 -14
389 -40 -14
384 -14 -14
384 13 -14
389 39 -14
400 63 -14
416 84 -14
435 102 -14
458 115 -14
483 123 -14
509 126 -14
536 123 13
561 115 13
584 102 13
603 84 13
619 63 13
630 39 13
635 13 13
635 -14 13
630 -40 13
619 -64 13
603 -85 13
584 -103 13
561 -116 13
536 -124 13
510 -127 13
483 -124 13
458 -116 13
435 -103 13
416 -85 13
400 -64 13
389 -40 13
384 -14 13
384 13 13
389 39 13
400 63 13
416 84 13
435 102 13
458 115 13
483 123 13
509 126 13
535 118 39
559 110 39
580 97 39
599 80 39
614 60 39
624 37 39
630 12 39
630 -13 39
624 -38 39
614 -61 39
599 -81 39
580 -98 39
559 -111 39
535 -119 39
510 -121 39
484 -119 39
460 -111 39
439 -98 39
420 -81 39
405 -61 39
395 -38 39
389 -13 39
389 12 39
395 37 39
405 60 39
420 80 39
439 97 39
460 110 39
484 118 39
509 120 39
532 107 63
554 100 63
574 88 63
591 73 63
605 54 63
614 33 63
619 11 63
619 -12 63
614 -34 63
605 -55 63
591 -74 63
574 -89 63
554 -101 63
532 -108 63
510 -110 63
487 -108 63
465 -101 63
445 -89 63
428 -74 63
414 -55 63
405 -34 63
400 -12 63
400 11 63
405 33 63
414 54 63
428 73 63
445 88 63
465 100 63
487 107 63
509 109 63
529 92 84
548 86 84
565 76 84
580 63 84
591 47 84
599 29 84
603 9 84
603 -10 84
599 -30 84
591 -48 84
580 -64 84
565 -77 84
548 -87 84
529 -93 84
510 -95 84
490 -93 84
471 -87 84
454 -77 84
439 -64 84
428 -48 84
420 -30 84
416 -10 84
416 9 84
420 29 84
428 47 84
439 63 84
454 76 84
471 86 84
490 92 84
509 94 84
525 73 102
540 68 102
553 60 102
565 49 102
574 37 102
580 23 102
584 7 102
584 -8 102
580 -24 102
574 -38 102
565 -50 102
553 -61 102
540 -69 102
525 -74 102
510 -75 102
494 -74 102
479 -69 102
466 -61 102
454 -50 102
445 -38 102
439 -24 102
435 -8 102
435 7 102
439 23 102
445 37 102
454 49 102
466 60 102
479 68 102
494 73 102
509 74 102
520 50 116
531 47 116
540 41 116
548 34 116
554 25 116
559 15 116
561 5 116
561 -6 116
559 -16 116
554 -26 116
548 -35 116
540 -42 116
531 -48 116
520 -51 116
510 -52 116
499 -51 116
488 -48 116
479 -42 116
471 -35 116
465 -26 116
460 -16 116
458 -6 116
458 5 116
460 15 116
465 25 116
471 34 116
479 41 116
488 47 116
499 50 116
509 51 116
515 25 124
520 24 124
525 21 124
529 17 124
532 13 124
535 8 124
536 2 124
536 -3 124
535 -9 124
532 -14 124
529 -18 124
525 -22 124
520 -25 124
515 -26 124
510 -27 124
504 -26 124
499 -25 124
494 -22 124
490 -18 124
487 -14 124
484 -9 124
483 -3 124
483 2 124
484 8 124
487 13 124
490 17 124
494 21 124
499 24 124
504 25 124
509 26 124
510 0 127
-510 0 -127
-505 25 -125
-500 24 -125
-495 21 -125
-491 17 -125
-488 13 -125
-485 8 -125
-484 2 -125
-484 -3 -125
-485 -9 -125
-488 -14 -125
-491 -18 -125
-495 -22 -125
-500 -25 -125
-505 -26 -125
-510 -27 -125
-516 -26 -125
-521 -25 -125
-526 -22 -125
-530 -18 -125
-533 -14 -125
-536 -9 -125
-537 -3 -125
-537 2 -125
-536 8 -125
-533 13 -125
-530 17 -125
-526 21 -125
-521 24 -125
-516 25 -125
-511 26 -125
-500 50 -117
-489 47 -117
-480 41 -117
-472 34 -117
-466 25 -117
-461 15 -117
-459 5 -117
-459 -6 -117
-461 -16 -117
-466 -26 -117
-472 -35 -117
-480 -42 -117
-489 -48 -117
-500 -51 -117
-510 -52 -117
-521 -51 -117
-532 -48 -117
-541 -42 -117
-549 -35 -117
-555 -26 -117
-560 -16 -117
-562 -6 -117
-562 5 -117
-560 15 -117
-555 25 -117
-549 34 -117
-541 41 -117
-532 47 -117
-521 50 -117
-511 51 -117
-495 73 -103
-480 68 -103
-467 60 -103
-455 49 -103
-446 37 -103
-440 23 -103
-436 7 -103
-436 -8 -103
-440 -24 -103
-446 -38 -103
-455 -50 -103
-467 -61 -103
-480 -69 -103
-495 -74 -103
-510 -75 -103
-526 -74 -103
-541 -69 -103
-554 -61 -103
-566 -50 -103
-575 -38 -103
-581 -24 -103
-585 -8 -103
-585 7 -103
-581 23 -103
-575 37 -103
-566 49 -103
-554 60 -103
-541 68 -103
-526 73 -103
-511 74 -103
-491 92 -85
-472 86 -85
-455 76 -85
-440 63 -85
-429 47 -85
-421 29 -85
-417 9 -85
-417 -10 -85
-421 -30 -85
-429 -48 -85
-440 -64 -85
-455 -77 -85
-472 -87 -85
-491 -93 -85
-510 -95 -85
-530 -93 -85
-549 -87 -85
-566 -77 -85
-581 -64 -85
-592 -48 -85
-600 -30 -85
-604 -10 -85
-604 9 -85
-600 29 -85
-592 47 -85
-581 63 -85
-566 76 -85
-549 86 -85
-530 92 -85
-511 94 -85
-488 107 -64
-466 100 -64
-446 88 -64
-429 73 -64
-415 54 -64
-406 33 -64
-401 11 -64
-401 -12 -64
-406 -34 -64
-415 -55 -64
-429 -74 -64
-446 -89 -64
-466 -101 -64
-488 -108 -64
-510 -110 -64
-533 -108 -64
-555 -101 -64
-575 -89 -64
-592 -74 -64
-606 -55 -64
-615 -34 -64
-620 -12 -64
-620 11 -64
-615 33 -64
-606 54 -64
-592 73 -64
-575 88 -64
-555 100 -64
-533 107 -64
-511 109 -64
-485 118 -40
-461 110 -40
-440 97 -40
-421 80 -40
-406 60 -40
-396 37 -40
-390 12 -40
-390 -13 -40
-396 -38 -40
-406 -61 -40
-421 -81 -40
-440 -98 -40
-461 -111 -40
-485 -119 -40
-510 -121 -40
-536 -119 -40
-560 -111 -40
-581 -98 -40
-600 -81 -40
-615 -61 -40
-625 -38 -40
-631 -13 -40
-631 12 -40
-625 37 -40
-615 60 -40
-600 80 -40
-581 97 -40
-560 110 -40
-536 118 -40
-511 120 -40
-484 123 -14
-459 115 -14
-436 102 -14
-417 84 -14
-401 63 -14
-390 39 -14
-385 13 -14
-385 -14 -14
-390 -40 -14
-401 -64 -14
-417 -85 -14
-436 -103 -14
-459 -116 -14
-484 -124 -14
-510 -127 -14
-537 -124 -14
-562 -116 -14
-585 -103 -14
-604 -85 -14
-620 -64 -14
-631 -40 -14
-636 -14 -14
-636 13 -14
-631 39 -14
-620 63 -14
-604 84 -14
-585 102 -14
-562 115 -14
-537 123 -14
-511 126 -14
-484 123 13
-459 115 13
-436 102 13
-417 84 13
-401 63 13
-390 39 13
-385 13 13
-385 -14 13
-390 -40 13
-401 -64 13
-417 -85 13
-436 -103 13
-459 -116 13
-484 -124 13
-510 -127 13
-537 -124 13
-562 -116 13
-585 -103 13
-604 -85 13
-620 -64 13
-631 -40 13
-636 -14 13
-636 13 13
-631 39 13
-620 63 13
-604 84 13
-585 102 13
-562 115 13
-537 123 13
-511 126 13
-485 118 39
-461 110 39
-440 97 39
-421 80 39
-406 60 39
-396 37 39
-390 12 39
-390 -13 39
-396 -38 39
-406 -61 39
-421 -81 39
-440 -98 39
-461 -111 39
-485 -119 39
-510 -121 39
-536 -119 39
-560 -111 39
-581 -98 39
-600 -81 39
-615 -61 39
-625 -38 39
-631 -13 39
-631 12 39
-625 37 39
-615 60 39
-600 80 39
-581 97 39
-560 110 39
-536 118 39
-511 120 39
-488 107 63
-466 100 63
-446 88 63
-429 73 63
-415 54 63
-406 33 63
-401 11 63
-401 -12 63
-406 -34 63
-415 -55 63
-429 -74 63
-446 -89 63
-466 -101 63
-488 -108 63
-510 -110 63
-533 -108 63
-555 -101 63
-575 -89 63
-592 -74 63
-606 -55 63
-615 -34 63
-620 -12 63
-620 11 63
-615 33 63
-606 54 63
-592 73 63
-575 88 63
-555 100 63
-533 107 63
-511 109 63
-491 92 84
-472 86 84
-455 76 84
-440 63 84
-429 47 84
-421 29 84
-417 9 84
-417 -10 84
-421 -30 84
-429 -48 84
-440 -64 84
-455 -77 84
-472 -87 84
-491 -93 84
-510 -95 84
-530 -93 84
-549 -87 84
-566 -77 84
-581 -64 84
-592 -48 84
-600 -30 84
-604 -10 84
-604 9 84
-600 29 84
-592 47 84
-581 63 84
-566 76 84
-549 86 84
-530 92 84
-511 94 84
-495 73 102
-480 68 102
-467 60 102
-455 49 102
-446 37 102
-440 23 102
-436 7 102
-436 -8 102
-440 -24 102
-446 -38 102
-455 -50 102
-467 -61 102
-480 -69 102
-495 -74 102
-510 -75 102
-526 -74 102
-541 -69 102
-554 -61 102
-566 -50 102
-575 -38 102
-581 -24 102
-585 -8 102
-585 7 102
-581 23 102
-575 37 102
-566 49 102
-554 60 102
-541 68 102
-526 73 102
-511 74 102
-500 50 116
-489 47 116
-480 41 116
-472 34 116
-466 25 116
-461 15 116
-459 5 116
-459 -6 116
-461 -16 116
-466 -26 116
-472 -35 116
-480 -42 116
-489 -48 116
-500 -51 116
-510 -52 116
-521 -51 116
-532 -48 116
-541 -42 116
-549 -35 116
-555 -26 116
-560 -16 116
-562 -6 116
-562 5 116
-560 15 116
-555 25 116
-549 34 116
-541 41 116
-532 47 116
-521 50 116
-511 51 116
-505 25 124
-500 24 124
-495 21 124
-491 17 124
-488 13 124
-485 8 124
-484 2 124
-484 -3 124
-485 -9 124
-488 -14 124
-491 -18 124
-495 -22 124
-500 -25 124
-505 -26 124
-510 -27 124
-516 -26 124
-521 -25 124
-526 -22 124
-530 -18 124
-533 -14 124
-536 -9 124
-537 -3 124
-537 2 124
-536 8 124
-533 13 124
-530 17 124
-526 21 124
-521 24 124
-516 25 124
-511 26 124
-510 0 127
360.625 360.625 -127
365.625 385.625 -125
370.625 384.625 -125
375.625 381.625 -125
379.625 377.625 -125
382.625 373.625 -125
385.625 368.625 -125
386.625 362.625 -125
386.625 357.625 -125
385.625 351.625 -125
382.625 346.625 -125
379.625 342.625 -125
375.625 338.625 -125
370.625 335.625 -125
365.625 334.625 -125
360.625 333.625 -125
354.625 334.625 -125
349.625 335.625 -125
344.625 338.625 -125
340.625 342.625 -125
337.625 346.625 -125
334.625 351.625 -125
333.625 357.625 -125
333.625 362.625 -125
334.625 368.625 -125
337.625 373.625 -125
340.625 377.625 -125
344.625 381.625 -125
349.625 384.625 -125
354.625 385.625 -125
359.625 386.625 -125
370.625 410.625 -117
381.625 407.625 -117
390.625 401.625 -117
398.625 394.625 -117
404.625 385.625 -117
409.625 375.625 -117
411.625 365.625 -117
411.625 354.625 -117
409.625 344.625 -117
404.625 334.625 -117
398.625 325.625 -117
390.625 318.625 -117
381.625 312.625 -117
370.625 309.625 -117
360.625 308.625 -117
349.625 309.625 -117
338.625 312.625 -117
329.625 318.625 -117
321.625 325.625 -117
315.625 334.625 -117
310.625 344.625 -117
308.625 354.625 -117
308.625 365.625 -117
310.625 375.625 -117
315.625 385.625 -117
321.625 394.625 -117
329.625 401.625 -117
338.625 407.625 -117
349.625 410.625 -117
359.625 411.625 -117
375.625 433.625 -103
390.625 428.625 -103
403.625 420.625 -103
415.625 409.625 -103
424.625 397.625 -103
430.625 383.625 -103
434.625 367.625 -103
434.625 352.625 -103
430.625 336.625 -103
424.625 322.625 -103
415.625 310.625 -103
403.625 299.625 -103
390.625 291.625 -103
375.625 286.625 -103
360.625 285.625 -103
344.625 286.625 -103
329.625 291.625 -103
316.625 299.625 -103
304.625 310.625 -103
295.625 322.625 -103
289.625 336.625 -103
285.625 352.625 -103
285.625 367.625 -103
289.625 383.625 -103
295.625 397.625 -103
304.625 409.625 -103
316.625 420.625 -103
329.625 428.625 -103
344.625 433.625 -103
359.625 434.625 -103
379.625 452.625 -85
398.625 446.625 -85
415.625 436.625 -85
430.625 423.625 -85
441.625 407.625 -85
449.625 389.625 -85
453.625 369.625 -85
453.625 350.625 -85
449.625 330.625 -85
441.625 312.625 -85
430.625 296.625 -85
415.625 283.625 -85
398.625 273.625 -85
379.625 267.625 -85
360.625 265.625 -85
340.625 267.625 -85
321.625 273.625 -85
304.625 283.625 -85
289.625 296.625 -85
278.625 312.625 -85
270.625 330.625 -85
266.625 350.625 -85
266.625 369.625 -85
270.625 389.625 -85
278.625 407.625 -85
289.625 423.625 -85
304.625 436.625 -85
321.625 446.625 -85
340.625 452.625 -85
359.625 454.625 -85
382.625 467.625 -64
404.625 460.625 -64
424.625 448.625 -64
441.625 433.625 -64
455.625 414.625 -64
464.625 393.625 -64
469.625 371.625 -64
469.625 348.625 -64
464.625 326.625 -64
455.625 305.625 -64
441.625 286.625 -64
424.625 271.625 -64
404.625 259.625 -64
382.625 252.625 -64
360.625 250.625 -64
337.625 252.625 -64
315.625 259.625 -64
295.625 271.625 -64
278.625 286.625 -64
264.625 305.625 -64
255.625 326.625 -64
250.625 348.625 -64
250.625 371.625 -64
255.625 393.625 -64
264.625 414.625 -64
278.625 433.625 -64
295.625 448.625 -64
315.625 460.625 -64
337.625 467.625 -64
359.625 469.625 -64
385.625 478.625 -40
409.625 470.625 -40
430.625 457.625 -40
449.625 440.625 -40
464.625 420.625 -40
474.625 397.625 -40
480.625 372.625 -40
480.625 347.625 -40
474.625 322.625 -40
464.625 299.625 -40
449.625 279.625 -40
430.625 262.625 -40
409.625 249.625 -40
385.625 241.625 -40
360.625 239.625 -40
334.625 241.625 -40
310.625 249.625 -40
289.625 262.625 -40
270.625 279.625 -40
255.625 299.625 -40
245.625 322.625 -40
239.625 347.625 -40
239.625 372.625 -40
245.625 397.625 -40
255.625 420.625 -40
270.625 440.625 -40
289.625 457.625 -40
310.625 470.625 -40
334.625 478.625 -40
359.625 480.625 -40
386.625 483.625 -14
411.625 475.625 -14
434.625 462.625 -14
453.625 444.625 -14
469.625 423.625 -14
480.625 399.625 -14
485.625 373.625 -14
485.625 346.625 -14
480.625 320.625 -14
469.625 296.625 -14
453.625 275.625 -14
434.625 257.625 -14
411.625 244.625 -14
386.625 236.625 -14
360.625 233.625 -14
333.625 236.625 -14
308.625 244.625 -14
285.625 257.625 -14
266.625 275.625 -14
250.625 296.625 -14
239.625 320.625 -14
234.625 346.625 -14
234.625 373.625 -14
239.625 399.625 -14
250.625 423.625 -14
266.625 444.625 -14
285.625 462.625 -14
308.625 475.625 -14
333.625 483.625 -14
359.625 486.625 -14
386.625 483.625 13
411.625 475.625 13
434.625 462.625 13
453.625 444.625 13
469.625 423.625 13
480.625 399.625 13
485.625 373.625 13
485.625 346.625 13
480.625 320.625 13
469.625 296.625 13
453.625 275.625 13
434.625 257.625 13
411.625 244.625 13
386.625 236.625 13
360.625 233.625 13
333.625 236.625 13
308.625 244.625 13
285.625 257.625 13
266.625 275.625 13
250.625 296.625 13
239.625 320.625 13
234.625 346.625 13
234.625 373.625 13
239.625 399.625 13
250.625 423.625 13
266.625 444.625 13
285.625 462.625 13
308.625 475.625 13
333.625 483.625 13
359.625 486.625 13
385.625 478.625 39
409.625 470.625 39
430.625 457.625 39
449.625 440.625 39
464.625 420.625 39
474.625 397.625 39
480.625 372.625 39
480.625 347.625 39
474.625 322.625 39
464.625 299.625 39
449.625 279.625 39
430.625 262.625 39
409.625 249.625 39
385.625 241.625 39
360.625 239.625 39
334.625 241.625 39
310.625 249.625 39
289.625 262.625 39
270.625 279.625 39
255.625 299.625 39
245.625 322.625 39
239.625 347.625 39
239.625 372.625 39
245.625 397.625 39
255.625 420.625 39
270.625 440.625 39
289.625 457.625 39
310.625 470.625 39
334.625 478.625 39
359.625 480.625 39
382.625 467.625 63
404.625 460.625 63
424.625 448.625 63
441.625 433.625 63
455.625 414.625 63
464.625 393.625 63
469.625 371.625 63
469.625 348.625 63
464.625 326.625 63
455.625 305.625 63
441.625 286.625 63
424.625 271.625 63
404.625 259.625 63
382.625 252.625 63
360.625 250.625 63
337.625 252.625 63
315.625 259.625 63
295.625 271.625 63
278.625 286.625 63
264.625 305.625 63
255.625 326.625 63
250.625 348.625 63
250.625 371.625 63
255.625 393.625 63
264.625 414.625 63
278.625 433.625 63
295.625 448.625 63
315.625 460.625 63
337.625 467.625 63
359.625 469.625 63
379.625 452.625 84
398.625 446.625 84
415.625 436.625 84
430.625 423.625 84
441.625 407.625 84
449.625 389.625 84
453.625 369.625 84
453.625 350.625 84
449.625 330.625 84
441.625 312.625 84
430.625 296.625 84
415.625 283.625 84
398.625 273.625 84
379.625 267.625 84
360.625 265.625 84
340.625 267.625 84
321.625 273.625 84
304.625 283.625 84
289.625 296.625 84
278.625 312.625 84
270.625 330.625 84
266.625 350.625 84
266.625 369.625 84
270.625 389.625 84
278.625 407.625 84
289.625 423.625 84
304.625 436.625 84
321.625 446.625 84
340.625 452.625 84
359.625 454.625 84
375.625 433.625 102
390.625 428.625 102
403.625 420.625 102
415.625 409.625 102
424.625 397.625 102
430.625 383.625 102
434.625 367.625 102
434.625 352.625 102
430.625 336.625 102
424.625 322.625 102
415.625 310.625 102
403.625 299.625 102
390.625 291.625 102
375.625 286.625 102
360.625 285.625 102
344.625 286.625 102
329.625 291.625 102
316.625 299.625 102
304.625 310.625 102
295.625 322.625 102
289.625 336.625 102
285.625 352.625 102
285.625 367.625 102
289.625 383.625 102
295.625 397.625 102
304.625 409.625 102
316.625 420.625 102
329.625 428.625 102
344.625 433.625 102
359.625 434.625 102
370.625 410.625 116
381.625 407.625 116
390.625 401.625 116
398.625 394.625 116
404.625 385.625 116
409.625 375.625 116
411.625 365.625 116
411.625 354.625 116
409.625 344.625 116
404.625 334.625 116
398.625 325.625 116
390.625 318.625 116
381.625 312.625 116
370.625 309.625 116
360.625 308.625 116
349.625 309.625 116
338.625 312.625 116
329.625 318.625 116
321.625 325.625 116
315.625 334.625 116
310.625 344.625 116
308.625 354.625 116
308.625 365.625 116
310.625 375.625 116
315.625 385.625 116
321.625 394.625 116
329.625 401.625 116
338.625 407.625 116
349.625 410.625 116
359.625 411.625 116
365.625 385.625 124
370.625 384.625 124
375.625 381.625 124
379.625 377.625 124
382.625 373.625 124
385.625 368.625 124
386.625 362.625 124
386.625 357.625 124
385.625 351.625 124
382.625 346.625 124
379.625 342.625 124
375.625 338.625 124
370.625 335.625 124
365.625 334.625 124
360.625 333.625 124
354.625 334.625 124
349.625 335.625 124
344.625 338.625 124
340.625 342.625 124
337.625 346.625 124
334.625 351.625 124
333.625 357.625 124
333.625 362.625 124
334.625 368.625 124
337.625 373.625 124
340.625 377.625 124
344.625 381.625 124
349.625 384.625 124
354.625 385.625 124
359.625 386.625 124
360.625 360.625 127
360.625 -360.625 -127
365.625 -335.625 -125
370.625 -336.625 -125
375.625 -339.625 -125
379.625 -343.625 -125
382.625 -347.625 -125
385.625 -352.625 -125
386.625 -358.625 -125
386.625 -363.625 -125
385.625 -369.625 -125
382.625 -374.625 -125
379.625 -378.625 -125
375.625 -382.625 -125
370.625 -385.625 -125
365.625 -386.625 -125
360.625 -387.625 -125
354.625 -386.625 -125
349.625 -385.625 -125
344.625 -382.625 -125
340.625 -378.625 -125
337.625 -374.625 -125
334.625 -369.625 -125
333.625 -363.625 -125
333.625 -358.625 -125
334.625 -352.625 -125
337.625 -347.625 -125
340.625 -343.625 -125
344.625 -339.625 -125
349.625 -336.625 -125
354.625 -335.625 -125
359.625 -334.625 -125
370.625 -310.625 -117
381.625 -313.625 -117
390.625 -319.625 -117
398.625 -326.625 -117
404.625 -335.625 -117
409.625 -345.625 -117
411.625 -355.625 -117
411.625 -366.625 -117
409.625 -376.625 -117
404.625 -386.625 -117
398.625 -395.625 -117
390.625 -402.625 -117
381.625 -408.625 -117
370.625 -411.625 -117
360.625 -412.625 -117
349.625 -411.625 -117
338.625 -408.625 -117
329.625 -402.625 -117
321.625 -395.625 -117
315.625 -386.625 -117
310.625 -376.625 -117
308.625 -366.625 -117
308.625 -355.625 -117
310.625 -345.625 -117
315.625 -335.625 -117
321.625 -326.625 -117
329.625 -319.625 -117
338.625 -313.625 -117
349.625 -310.625 -117
359.625 -309.625 -117
375.625 -287.625 -103
390.625 -292.625 -103
403.625 -300.625 -103
415.625 -311.625 -103
424.625 -323.625 -103
430.625 -337.625 -103
434.625 -353.625 -103
434.625 -368.625 -103
430.625 -384.625 -103
424.625 -398.625 -103
415.625 -410.625 -103
403.625 -421.625 -103
390.625 -429.625 -103
375.625 -434.625 -103
360.625 -435.625 -103
344.625 -434.625 -103
329.625 -429.625 -103
316.625 -421.625 -103
304.625 -410.625 -103
295.625 -398.625 -103
289.625 -384.625 -103
285.625 -368.625 -103
285.625 -353.625 -103
289.625 -337.625 -103
295.625 -323.625 -103
304.625 -311.625 -103
316.625 -300.625 -103
329.625 -292.625 -103
344.625 -287.625 -103
359.625 -286.625 -103
379.625 -268.625 -85
398.625 -274.625 -85
415.625 -284.625 -85
430.625 -297.625 -85
441.625 -313.625 -85
449.625 -331.625 -85
453.625 -351.625 -85
453.625 -370.625 -85
449.625 -390.625 -85
441.625 -408.625 -85
430.625 -424.625 -85
415.625 -437.625 -85
398.625 -447.625 -85
379.625 -453.625 -85
360.625 -455.625 -85
340.625 -453.625 -85
321.625 -447.625 -85
304.625 -437.625 -85
289.625 -424.625 -85
278.625 -408.625 -85
270.625 -390.625 -85
266.625 -370.625 -85
266.625 -351.625 -85
270.625 -331.625 -85
278.625 -313.625 -85
289.625 -297.625 -85
304.625 -284.625 -85
321.625 -274.625 -85
340.625 -268.625 -85
359.625 -266.625 -85
382.625 -253.625 -64
404.625 -260.625 -64
424.625 -272.625 -64
441.625 -287.625 -64
455.625 -306.625 -64
464.625 -327.625 -64
469.625 -349.625 -64
469.625 -372.625 -64
464.625 -394.625 -64
455.625 -415.625 -64
441.625 -434.625 -64
424.625 -449.625 -64
404.625 -461.625 -64
382.625 -468.625 -64
360.625 -470.625 -64
337.625 -468.625 -64
315.625 -461.625 -64
295.625 -449.625 -64
278.625 -434.625 -64
264.625 -415.625 -64
255.625 -394.625 -64
250.625 -372.625 -64
250.625 -349.625 -64
255.625 -327.625 -64
264.625 -306.625 -64
278.625 -287.625 -64
295.625 -272.625 -64
315.625 -260.625 -64
337.625 -253.625 -64
359.625 -251.625 -64
385.625 -242.625 -40
409.625 -250.625 -40
430.625 -263.625 -40
449.625 -280.625 -40
464.625 -300.625 -40
474.625 -323.625 -40
480.625 -348.625 -40
480.625 -373.625 -40
474.625 -398.625 -40
464.625 -421.625 -40
449.625 -441.625 -40
430.625 -458.625 -40
409.625 -471.625 -40
385.625 -479.625 -40
360.625 -481.625 -40
334.625 -479.625 -40
310.625 -471.625 -40
289.625 -458.625 -40
270.625 -441.625 -40
255.625 -421.625 -40
245.625 -398.625 -40
239.625 -373.625 -40
239.625 -348.625 -40
245.625 -323.625 -40
255.625 -300.625 -40
270.625 -280.625 -40
289.625 -263.625 -40
310.625 -250.625 -40
334.625 -242.625 -40
359.625 -240.625 -40
386.625 -237.625 -14
411.625 -245.625 -14
434.625 -258.625 -14
453.625 -276.625 -14
469.625 -297.625 -14
480.625 -321.625 -14
485.625 -347.625 -14
485.625 -374.625 -14
480.625 -400.625 -14
469.625 -424.625 -14
453.625 -445.625 -14
434.625 -463.625 -14
411.625 -476.625 -14
386.625 -484.625 -14
360.625 -487.625 -14
333.625 -484.625 -14
308.625 -476.625 -14
285.625 -463.625 -14
266.625 -445.625 -14
250.625 -424.625 -14
239.625 -400.625 -14
234.625 -374.625 -14
234.625 -347.625 -14
239.625 -321.625 -14
250.625 -297.625 -14
266.625 -276.625 -14
285.625 -258.625 -14
308.625 -245.625 -14
333.625 -237.625 -14
359.625 -234.625 -14
386.625 -237.625 13
411.625 -245.625 13
434.625 -258.625 13
453.625 -276.625 13
469.625 -297.625 13
480.625 -321.625 13
485.625 -347.625 13
485.625 -374.625 13
480.625 -400.625 13
469.625 -424.625 13
453.625 -445.625 13
434.625 -463.625 13
411.625 -476.625 13
386.625 -484.625 13
360.625 -487.625 13
333.625 -484.625 13
308.625 -476.625 13
285.625 -463.625 13
266.625 -445.625 13
250.625 -424.625 13
239.625 -400.625 13
234.625 -374.625 13
234.625 -347.625 13
239.625 -321.625 13
250.625 -297.625 13
266.625 -276.625 13
285.625 -258.625 13
308.625 -245.625 13
333.625 -237.625 13
359.625 -234.625 13
385.625 -242.625 39
409.625 -250.625 39
430.625 -263.625 39
449.625 -280.625 39
464.625 -300.625 39
474.625 -323.625 39
480.625 -348.625 39
480.625 -373.625 39
474.625 -398.625 39
464.625 -421.625 39
449.625 -441.625 39
430.625 -458.625 39
409.625 -471.625 39
385.625 -479.625 39
360.625 -481.625 39
334.625 -479.625 39
310.625 -471.625 39
289.625 -458.625 39
270.625 -441.625 39
255.625 -421.625 39
245.625 -398.625 39
239.625 -373.625 39
239.625 -348.625 39
245.625 -323.625 39
255.625 -300.625 39
270.625 -280.625 39
289.625 -263.625 39
310.625 -250.625 39
334.625 -242.625 39
359.625 -240.625 39
382.625 -253.625 63
404.625 -260.625 63
424.625 -272.625 63
441.625 -287.625 63
455.625 -306.625 63
464.625 -327.625 63
469.625 -349.625 63
469.625 -372.625 63
464.625 -394.625 63
455.625 -415.625 63
441.625 -434.625 63
424.625 -449.625 63
404.625 -461.625 63
382.625 -468.625 63
360.625 -470.625 63
337.625 -468.625 63
315.625 -461.625 63
295.625 -449.625 63
278.625 -434.625 63
264.625 -415.625 63
255.625 -394.625 63
250.625 -372.625 63
250.625 -349.625 63
255.625 -327.625 63
264.625 -306.625 63
278.625 -287.625 63
295.625 -272.625 63
315.625 -260.625 63
337.625 -253.625 63
359.625 -251.625 63
379.625 -268.625 84
398.625 -274.625 84
415.625 -284.625 84
430.625 -297.625 84
441.625 -313.625 84
449.625 -331.625 84
453.625 -351.625 84
453.625 -370.625 84
449.625 -390.625 84
441.625 -408.625 84
430.625 -424.625 84
415.625 -437.625 84
398.625 -447.625 84
379.625 -453.625 84
360.625 -455.625 84
340.625 -453.625 84
321.625 -447.625 84
304.625 -437.625 84
289.625 -424.625 84
278.625 -408.625 84
270.625 -390.625 84
266.625 -370.625 84
266.625 -351.625 84
270.625 -331.625 84
278.625 -313.625 84
289.625 -297.625 84
304.625 -284.625 84
321.625 -274.625 84
340.625 -268.625 84
359.625 -266.625 84
375.625 -287.625 102
390.625 -292.625 102
403.625 -300.625 102
415.625 -311.625 102
424.625 -323.625 102
430.625 -337.625 102
434.625 -353.625 102
434.625 -368.625 102
430.625 -384.625 102
424.625 -398.625 102
415.625 -410.625 102
403.625 -421.625 102
390.625 -429.625 102
375.625 -434.625 102
360.625 -435.625 102
344.625 -434.625 102
329.625 -429.625 102
316.625 -421.625 102
304.625 -410.625 102
295.625 -398.625 102
289.625 -384.625 102
285.625 -368.625 102
285.625 -353.625 102
289.625 -337.625 102
295.625 -323.625 102
304.625 -311.625 102
316.625 -300.625 102
329.625 -292.625 102
344.625 -287.625 102
359.625 -286.625 102
370.625 -310.625 116
381.625 -313.625 116
390.625 -319.625 116
398.625 -326.625 116
404.625 -335.625 116
409.625 -345.625 116
411.625 -355.625 116
411.625 -366.625 116
409.625 -376.625 116
404.625 -386.625 116
398.625 -395.625 116
390.625 -402.625 116
381.625 -408.625 116
370.625 -411.625 116
360.625 -412.625 116
349.625 -411.625 116
338.625 -408.625 116
329.625 -402.625 116
321.625 -395.625 116
315.625 -386.625 116
310.625 -376.625 116
308.625 -366.625 116
308.625 -355.625 116
310.625 -345.625 116
315.625 -335.625 116
321.625 -326.625 116
329.625 -319.625 116
338.625 -313.625 116
349.625 -310.625 116
359.625 -309.625 116
365.625 -335.625 124
370.625 -336.625 124
375.625 -339.625 124
379.625 -343.625 124
382.625 -347.625 124
385.625 -352.625 124
386.625 -358.625 124
386.625 -363.625 124
385.625 -369.625 124
382.625 -374.625 124
379.625 -378.625 124
375.625 -382.625 124
370.625 -385.625 124
365.625 -386.625 124
360.625 -387.625 124
354.625 -386.625 124
349.625 -385.625 124
344.625 -382.625 124
340.625 -378.625 124
337.625 -374.625 124
334.625 -369.625 124
333.625 -363.625 124
333.625 -358.625 124
334.625 -352.625 124
337.625 -347.625 124
340.625 -343.625 124
344.625 -339.625 124
349.625 -336.625 124
354.625 -335.625 124
359.625 -334.625 124
360.625 -360.625 127
-360.625 360.625 -127
-355.625 385.625 -125
-350.625 384.625 -125
-345.625 381.625 -125
-341.625 377.625 -125
-338.625 373.625 -125
-335.625 368.625 -125
-334.625 362.625 -125
-334.625 357.625 -125
-335.625 351.625 -125
-338.625 346.625 -125
-341.625 342.625 -125
-345.625 338.625 -125
-350.625 335.625 -125
-355.625 334.625 -125
-360.625 333.625 -125
-366.625 334.625 -125
-371.625 335.625 -125
-376.625 338.625 -125
-380.625 342.625 -125
-383.625 346.625 -125
-386.625 351.625 -125
-387.625 357.625 -125
-387.625 362.625 -125
-386.625 368.625 -125
-383.625 373.625 -125
-380.625 377.625 -125
-376.625 381.625 -125
-371.625 384.625 -125
-366.625 385.625 -125
-361.625 386.625 -125
-350.625 410.625 -117
-339.625 407.625 -117
-330.625 401.625 -117
-322.625 394.625 -117
-316.625 385.625 -117
-311.625 375.625 -117
-309.625 365.625 -117
-309.625 354.625 -117
-311.625 344.625 -117
-316.625 334.625 -117
-322.625 325.625 -117
-330.625 318.625 -117
-339.625 312.625 -117
-350.625 309.625 -117
-360.625 308.625 -117
-371.625 309.625 -117
-382.625 312.625 -117
-391.625 318.625 -117
-399.625 325.625 -117
-405.625 334.625 -117
-410.625 344.625 -117
-412.625 354.625 -117
-412.625 365.625 -117
-410.625 375.625 -117
-405.625 385.625 -117
-399.625 394.625 -117
-391.625 401.625 -117
-382.625 407.625 -117
-371.625 410.625 -117
-361.625 411.625 -117
-345.625 433.625 -103
-330.625 428.625 -103
-317.625 420.625 -103
-305.625 409.625 -103
-296.625 397.625 -103
-290.625 383.625 -103
-286.625 367.625 -103
-286.625 352.625 -103
-290.625 336.625 -103
-296.625 322.625 -103
-305.625 310.625 -103
-317.625 299.625 -103
-330.625 291.625 -103
-345.625 286.625 -103
-360.625 285.625 -103
-376.625 286.625 -103
-391.625 291.625 -103
-404.625 299.625 -103
-416.625 310.625 -103
-425.625 322.625 -103
-431.625 336.625 -103
-435.625 352.625 -103
-435.625 367.625 -103
-431.625 383.625 -103
-425.625 397.625 -103
-416.625 409.625 -103
-404.625 420.625 -103
-391.625 428.625 -103
-376.625 433.625 -103
-361.625 434.625 -103
-341.625 452.625 -85
-322.625 446.625 -85
-305.625 436.625 -85
-290.625 423.625 -85
-279.625 407.625 -85
-271.625 389.625 -85
-267.625 369.625 -85
-267.625 350.625 -85
-271.625 330.625 -85
-279.625 312.625 -85
-290.625 296.625 -85
-305.625 283.625 -85
-322.625 273.625 -85
-341.625 267.625 -85
-360.625 265.625 -85
-380.625 267.625 -85
-399.625 273.625 -85
-416.625 283.625 -85
-431.625 296.625 -85
-442.625 312.625 -85
-450.625 330.625 -85
-454.625 350.625 -85
-454.625 369.625 -85
-450.625 389.625 -85
-442.625 407.625 -85
-431.625 423.625 -85
-416.625 436.625 -85
-399.625 446.625 -85
-380.625 452.625 -85
-361.625 454.625 -85
-338.625 467.625 -64
-316.625 460.625 -64
-296.625 448.625 -64
-279.625 433.625 -64
-265.625 414.625 -64
-256.625 393.625 -64
-251.625 371.625 -64
-251.625 348.625 -64
-256.625 326.625 -64
-265.625 305.625 -64
-279.625 286.625 -64
-296.625 271.625 -64
-316.625 259.625 -64
-338.625 252.625 -64
-360.625 250.625 -64
-383.625 252.625 -64
-405.625 259.625 -64
-425.625 271.625 -64
-442.625 286.625 -64
-456.625 305.625 -64
-465.625 326.625 -64
-470.625 348.625 -64
-470.625 371.625 -64
-465.625 393.625 -64
-456.625 414.625 -64
-442.625 433.625 -64
-425.625 448.625 -64
-405.625 460.625 -64
-383.625 467.625 -64
-361.625 469.625 -64
-335.625 478.625 -40
-311.625 470.625 -40
-290.625 457.625 -40
-271.625 440.625 -40
-256.625 420.625 -40
-246.625 397.625 -40
-240.625 372.625 -40
-240.625 347.625 -40
-246.625 322.625 -40
-256.625 299.625 -40
-271.625 279.625 -40
-290.625 262.625 -40
-311.625 249.625 -40
-335.625 241.625 -40
-360.625 239.625 -40
-386.625 241.625 -40
-410.625 249.625 -40
-431.625 262.625 -40
-450.625 279.625 -40
-465.625 299.625 -40
-475.625 322.625 -40
-481.625 347.625 -40
-481.625 372.625 -40
-475.625 397.625 -40
-465.625 420.625 -40
-450.625 440.625 -40
-431.625 457.625 -40
-410.625 470.625 -40
-386.625 478.625 -40
-361.625 480.625 -40
-334.625 483.625 -14
-309.625 475.625 -14
-286.625 462.625 -14
-267.625 444.625 -14
-251.625 423.625 -14
-240.625 399.625 -14
-235.625 373.625 -14
-235.625 346.625 -14
-240.625 320.625 -14
-251.625 296.625 -14
-267.625 275.625 -14
-286.625 257.625 -14
-309.625 244.625 -14
-334.625 236.625 -14
-360.625 233.625 -14
-387.625 236.625 -14
-412.625 244.625 -14
-435.625 257.625 -14
-454.625 275.625 -14
-470.625 296.625 -14
-481.625 320.625 -14
-486.625 346.625 -14
-486.625 373.625 -14
-481.625 399.625 -14
-470.625 423.625 -14
-454.625 444.625 -14
-435.625 462.625 -14
-412.625 475.625 -14
-387.625 483.625 -14
-361.625 486.625 -14
-334.625 483.625 13
-309.625 475.625 13
-286.625 462.625 13
-267.625 444.625 13
-251.625 423.625 13
-240.625 399.625 13
-235.625 373.625 13
-235.625 346.625 13
-240.625 320.625 13
-251.625 296.625 13
-267.625 275.625 13
-286.625 257.625 13
-309.625 244.625 13
-334.625 236.625 13
-360.625 233.625 13
-387.625 236.625 13
-412.625 244.625 13
-435.625 257.625 13
-454.625 275.625 13
-470.625 296.625 13
-481.625 320.625 13
-486.625 346.625 13
-486.625 373.625 13
-481.625 399.625 13
-470.625 423.625 13
-454.625 444.625 13
-435.625 462.625 13
-412.625 475.625 13
-387.625 483.625 13
-361.625 486.625 13
-335.625 478.625 39
-311.625 470.625 39
-290.625 457.625 39
-271.625 440.625 39
-256.625 420.625 39
-246.625 397.625 39
-240.625 372.625 39
-240.625 347.625 39
-246.625 322.625 39
-256.625 299.625 39
-271.625 279.625 39
-290.625 262.625 39
-311.625 249.625 39
-335.625 241.625 39
-360.625 239.625 39
-386.625 241.625 39
-410.625 249.625 39
-431.625 262.625 39
-450.625 279.625 39
-465.625 299.625 39
-475.625 322.625 39
-481.625 347.625 39
-481.625 372.625 39
-475.625 397.625 39
-465.625 420.625 39
-450.625 440.625 39
-431.625 457.625 39
-410.625 470.625 39
-386.625 478.625 39
-361.625 480.625 39
-338.625 467.625 63
-316.625 460.625 63
-296.625 448.625 63
-279.625 433.625 63
-265.625 414.625 63
-256.625 393.625 63
-251.625 371.625 63
-251.625 348.625 63
-256.625 326.625 63
-265.625 305.625 63
-279.625 286.625 63
-296.625 271.625 63
-316.625 259.625 63
-338.625 252.625 63
-360.625 250.625 63
-383.625 252.625 63
-405.625 259.625 63
-425.625 271.625 63
-442.625 286.625 63
-456.625 305.625 63
-465.625 326.625 63
-470.625 348.625 63
-470.625 371.625 63
-465.625 393.625 63
-456.625 414.625 63
-442.625 433.625 63
-425.625 448.625 63
-405.625 460.625 63
-383.625 467.625 63
-361.625 469.625 63
-341.625 452.625 84
-322.625 446.625 84
-305.625 436.625 84
-290.625 423.625 84
-279.625 407.625 84
-271.625 389.625 84
-267.625 369.625 84
-267.625 350.625 84
-271.625 330.625 84
-279.625 312.625 84
-290.625 296.625 84
-305.625 283.625 84
-322.625 273.625 84
-341.625 267.625 84
-360.625 265.625 84
-380.625 267.625 84
-399.625 273.625 84
-416.625 283.625 84
-431.625 296.625 84
-442.625 312.625 84
-450.625 330.625 84
-454.625 350.625 84
-454.625 369.625 84
-450.625 389.625 84
-442.625 407.625 84
-431.625 423.625 84
-416.625 436.625 84
-399.625 446.625 84
-380.625 452.625 84
-361.625 454.625 84
-345.625 433.625 102
-330.625 428.625 102
-317.625 420.625 102
-305.625 409.625 102
-296.625 397.625 102
-290.625 383.625 102
-286.625 367.625 102
-286.625 352.625 102
-290.625 336.625 102
-296.625 322.625 102
-305.625 310.625 102
-317.625 299.625 102
-330.625 291.625 102
-345.625 286.625 102
-360.625 285.625 102
-376.625 286.625 102
-391.625 291.625 102
-404.625 299.625 102
-416.625 310.625 102
-425.625 322.625 102
-431.625 336.625 102
-435.625 352.625 102
-435.625 367.625 102
-431.625 383.625 102
-425.625 397.625 102
-416.625 409.625 102
-404.625 420.625 102
-391.625 428.625 102
-376.625 433.625 102
-361.625 434.625 102
-350.625 410.625 116
-339.625 407.625 116
-330.625 401.625 116
-322.625 394.625 116
-316.625 385.625 116
-311.625 375.625 116
-309.625 365.625 116
-309.625 354.625 116
-311.625 344.625 116
-316.625 334.625 116
-322.625 325.625 116
-330.625 318.625 116
-339.625 312.625 116
-350.625 309.625 116
-360.625 308.625 116
-371.625 309.625 116
-382.625 312.625 116
-391.625 318.625 116
-399.625 325.625 116
-405.625 334.625 116
-410.625 344.625 116
-412.625 354.625 116
-412.625 365.625 116
-410.625 375.625 116
-405.625 385.625 116
-399.625 394.625 116
-391.625 401.625 116
-382.625 407.625 116
-371.625 410.625 116
-361.625 411.625 116
-355.625 385.625 124
-350.625 384.625 124
-345.625 381.625 124
-341.625 377.625 124
-338.625 373.625 124
-335.625 368.625 124
-334.625 362.625 124
-334.625 357.625 124
-335.625 351.625 124
-338.625 346.625 124
-341.625 342.625 124
-345.625 338.625 124
-350.625 335.625 124
-355.625 334.625 124
-360.625 333.625 124
-366.625 334.625 124
-371.625 335.625 124
-376.625 338.625 124
-380.625 342.625 124
-383.625 346.625 124
-386.625 351.625 124
-387.625 357.625 124
-387.625 362.625 124
-386.625 368.625 124
-383.625 373.625 124
-380.625 377.625 124
-376.625 381.625 124
-371.625 384.625 124
-366.625 385.625 124
-361.625 386.625 124
-360.625 360.625 127
-360.625 -360.625 -127
-355.625 -335.625 -125
-350.625 -336.625 -125
-345.625 -339.625 -125
-341.625 -343.625 -125
-338.625 -347.625 -125
-335.625 -352.625 -125
-334.625 -358.625 -125
-334.625 -363.625 -125
-335.625 -369.625 -125
-338.625 -374.625 -125
-341.625 -378.625 -125
-345.625 -382.625 -125
-350.625 -385.625 -125
-355.625 -386.625 -125
-360.625 -387.625 -125
-366.625 -386.625 -125
-371.625 -385.625 -125
-376.625 -382.625 -125
-380.625 -378.625 -125
-383.625 -374.625 -125
-386.625 -369.625 -125
-387.625 -363.625 -125
-387.625 -358.625 -125
-386.625 -352.625 -125
-383.625 -347.625 -125
-380.625 -343.625 -125
-376.625 -339.625 -125
-371.625 -336.625 -125
-366.625 -335.625 -125
-361.625 -334.625 -125
-350.625 -310.625 -117
-339.625 -313.625 -117
-330.625 -319.625 -117
-322.625 -326.625 -117
-316.625 -335.625 -117
-311.625 -345.625 -117
-309.625 -355.625 -117
-309.625 -366.625 -117
-311.625 -376.625 -117
-316.625 -386.625 -117
-322.625 -395.625 -117
-330.625 -402.625 -117
-339.625 -408.625 -117
-350.625 -411.625 -117
-360.625 -412.625 -117
-371.625 -411.625 -117
-382.625 -408.625 -117
-391.625 -402.625 -117
-399.625 -395.625 -117
-405.625 -386.625 -117
-410.625 -376.625 -117
-412.625 -366.625 -117
-412.625 -355.625 -117
-410.625 -345.625 -117
-405.625 -335.625 -117
-399.625 -326.625 -117
-391.625 -319.625 -117
-382.625 -313.625 -117
-371.625 -310.625 -117
-361.625 -309.625 -117
-345.625 -287.625 -103
-330.625 -292.625 -103
-317.625 -300.625 -103
-305.625 -311.625 -103
-296.625 -323.625 -103
-290.625 -337.625 -103
-286.625 -353.625 -103
-286.625 -368.625 -103
-290.625 -384.625 -103
-296.625 -398.625 -103
-305.625 -410.625 -103
-317.625 -421.625 -103
-330.625 -429.625 -103
-345.625 -434.625 -103
-360.625 -435.625 -103
-376.625 -434.625 -103
-391.625 -429.625 -103
-404.625 -421.625 -103
-416.625 -410.625 -103
-425.625 -398.625 -103
-431.625 -384.625 -103
-435.625 -368.625 -103
-435.625 -353.625 -103
-431.625 -337.625 -103
-425.625 -323.625 -103
-416.625 -311.625 -103
-404.625 -300.625 -103
-391.625 -292.625 -103
-376.625 -287.625 -103
-361.625 -286.625 -103
-341.625 -268.625 -85
-322.625 -274.625 -85
-305.625 -284.625 -85
-290.625 -297.625 -85
-279.625 -313.625 -85
-271.625 -331.625 -85
-267.625 -351.625 -85
-267.625 -370.625 -85
-271.625 -390.625 -85
-279.625 -408.625 -85
-290.625 -424.625 -85
-305.625 -437.625 -85
-322.625 -447.625 -85
-341.625 -453.625 -85
-360.625 -455.625 -85
-380.625 -453.625 -85
-399.625 -447.625 -85
-416.625 -437.625 -85
-431.625 -424.625 -85
-442.625 -408.625 -85
-450.625 -390.625 -85
-454.625 -370.625 -85
-454.625 -351.625 -85
-450.625 -331.625 -85
-442.625 -313.625 -85
-431.625 -297.625 -85
-416.625 -284.625 -85
-399.625 -274.625 -85
-380.625 -268.625 -85
-361.625 -266.625 -85
-338.625 -253.625 -64
-316.625 -260.625 -64
-296.625 -272.625 -64
-279.625 -287.625 -64
-265.625 -306.625 -64
-256.625 -327.625 -64
-251.625 -349.625 -64
-251.625 -372.625 -64
-256.625 -394.625 -64
-265.625 -415.625 -64
-279.625 -434.625 -64
-296.625 -449.625 -64
-316.625 -461.625 -64
-338.625 -468.625 -64
-360.625 -470.625 -64
-383.625 -468.625 -64
-405.625 -461.625 -64
-425.625 -449.625 -64
-442.625 -434.625 -64
-456.625 -415.625 -64
-465.625 -394.625 -64
-470.625 -372.625 -64
-470.625 -349.625 -64
-465.625 -327.625 -64
-456.625 -306.625 -64
-442.625 -287.625 -64
-425.625 -272.625 -64
-405.625 -260.625 -64
-383.625 -253.625 -64
-361.625 -251.625 -64
-335.625 -242.625 -40
-311.625 -250.625 -40
-290.625 -263.625 -40
-271.625 -280.625 -40
-256.625 -300.625 -40
-246.625 -323.625 -40
-240.625 -348.625 -40
-240.625 -373.625 -40
-246.625 -398.625 -40
-256.625 -421.625 -40
-271.625 -441.625 -40
-290.625 -458.625 -40
-311.625 -471.625 -40
-335.625 -479.625 -40
-360.625 -481.625 -40
-386.625 -479.625 -40
-410.625 -471.625 -40
-431.625 -458.625 -40
-450.625 -441.625 -40
-465.625 -421.625 -40
-475.625 -398.625 -40
-481.625 -373.625 -40
-481.625 -348.625 -40
-475.625 -323.625 -40
-465.625 -300.625 -40
-450.625 -280.625 -40
-431.625 -263.625 -40
-410.625 -250.625 -40
-386.625 -242.625 -40
-361.625 -240.625 -40
-334.625 -237.625 -14
-309.625 -245.625 -14
-286.625 -258.625 -14
-267.625 -276.625 -14
-251.625 -297.625 -14
-240.625 -321.625 -14
-235.625 -347.625 -14
-235.625 -374.625 -14
-240.625 -400.625 -14
-251.625 -424.625 -14
-267.625 -445.625 -14
-286.625 -463.625 -14
-309.625 -476.625 -14
-334.625 -484.625 -14
-360.625 -487.625 -14
-387.625 -484.625 -14
-412.625 -476.625 -14
-435.625 -463.625 -14
-454.625 -445.625 -14
-470.625 -424.625 -14
-481.625 -400.625 -14
-486.625 -374.625 -14
-486.625 -347.625 -14
-481.625 -321.625 -14
-470.625 -297.625 -14
-454.625 -276.625 -14
-435.625 -258.625 -14
-412.625 -245.625 -14
-387.625 -237.625 -14
-361.625 -234.625 -14
-334.625 -237.625 13
-309.625 -245.625 13
-286.625 -258.625 13
-267.625 -276.625 13
-251.625 -297.625 13
-240.625 -321.625 13
-235.625 -347.625 13
-235.625 -374.625 13
-240.625 -400.625 13
-251.625 -424.625 13
-267.625 -445.625 13
-286.625 -463.625 13
-309.625 -476.625 13
-334.625 -484.625 13
-360.625 -487.625 13
-387.625 -484.625 13
-412.625 -476.625 13
-435.625 -463.625 13
-454.625 -445.625 13
-470.625 -424.625 13
-481.625 -400.625 13
-486.625 -374.625 13
-486.625 -347.625 13
-481.625 -321.625 13
-470.625 -297.625 13
-454.625 -276.625 13
-435.625 -258.625 13
-412.625 -245.625 13
-387.625 -237.625 13
-361.625 -234.625 13
-335.625 -242.625 39
-311.625 -250.625 39
-290.625 -263.625 39
-271.625 -280.625 39
-256.625 -300.625 39
-246.625 -323.625 39
-240.625 -348.625 39
-240.625 -373.625 39
-246.625 -398.625 39
-256.625 -421.625 39
-271.625 -441.625 39
-290.625 -458.625 39
-311.625 -471.625 39
-335.625 -479.625 39
-360.625 -481.625 39
-386.625 -479.625 39
-410.625 -471.625 39
-431.625 -458.625 39
-450.625 -441.625 39
-465.625 -421.625 39
-475.625 -398.625 39
-481.625 -373.625 39
-481.625 -348.625 39
-475.625 -323.625 39
-465.625 -300.625 39
-450.625 -280.625 39
-431.625 -263.625 39
-410.625 -250.625 39
-386.625 -242.625 39
-361.625 -240.625 39
-338.625 -253.625 63
-316.625 -260.625 63
-296.625 -272.625 63
-279.625 -287.625 63
-265.625 -306.625 63
-256.625 -327.625 63
-251.625 -349.625 63
-251.625 -372.625 63
-256.625 -394.625 63
-265.625 -415.625 63
-279.625 -434.625 63
-296.625 -449.625 63
-316.625 -461.625 63
-338.625 -468.625 63
-360.625 -470.625 63
-383.625 -468.625 63
-405.625 -461.625 63
-425.625 -449.625 63
-442.625 -434.625 63
-456.625 -415.625 63
-465.625 -394.625 63
-470.625 -372.625 63
-470.625 -349.625 63
-465.625 -327.625 63
-456.625 -306.625 63
-442.625 -287.625 63
-425.625 -272.625 63
-405.625 -260.625 63
-383.625 -253.625 63
-361.625 -251.625 63
-341.625 -268.625 84
-322.625 -274.625 84
-305.625 -284.625 84
-290.625 -297.625 84
-279.625 -313.625 84
-271.625 -331.625 84
-267.625 -351.625 84
-267.625 -370.625 84
-271.625 -390.625 84
-279.625 -408.625 84
-290.625 -424.625 84
-305.625 -437.625 84
-322.625 -447.625 84
-341.625 -453.625 84
-360.625 -455.625 84
-380.625 -453.625 84
-399.625 -447.625 84
-416.625 -437.625 84
-431.625 -424.625 84
-442.625 -408.625 84
-450.625 -390.625 84
-454.625 -370.625 84
-454.625 -351.625 84
-450.625 -331.625 84
-442.625 -313.625 84
-431.625 -297.625 84
-416.625 -284.625 84
-399.625 -274.625 84
-380.625 -268.625 84
-361.625 -266.625 84
-345.625 -287.625 102
-330.625 -292.625 102
-317.625 -300.625 102
-305.625 -311.625 102
-296.625 -323.625 102
-290.625 -337.625 102
-286.625 -353.625 102
-286.625 -368.625 102
-290.625 -384.625 102
-296.625 -398.625 102
-305.625 -410.625 102
-317.625 -421.625 102
-330.625 -429.625 102
-345.625 -434.625 102
-360.625 -435.625 102
-376.625 -434.625 102
-391.625 -429.625 102
-404.625 -421.625 102
-416.625 -410.625 102
-425.625 -398.625 102
-431.625 -384.625 102
-435.625 -368.625 102
-435.625 -353.625 102
-431.625 -337.625 102
-425.625 -323.625 102
-416.625 -311.625 102
-404.625 -300.625 102
-391.625 -292.625 102
-376.625 -287.625 102
-361.625 -286.625 102
-350.625 -310.625 116
-339.625 -313.625 116
-330.625 -319.625 116
-322.625 -326.625 116
-316.625 -335.625 116
-311.625 -345.625 116
-309.625 -355.625 116
-309.625 -366.625 116
-311.625 -376.625 116
-316.625 -386.625 116
-322.625 -395.625 116
-330.625 -402.625 116
-339.625 -408.625 116
-350.625 -411.625 116
-360.625 -412.625 116
-371.625 -411.625 116
-382.625 -408.625 116
-391.625 -402.625 116
-399.625 -395.625 116
-405.625 -386.625 116
-410.625 -376.625 116
-412.625 -366.625 116
-412.625 -355.625 116
-410.625 -345.625 116
-405.625 -335.625 116
-399.625 -326.625 116
-391.625 -319.625 116
-382.625 -313.625 116
-371.625 -310.625 116
-361.625 -309.625 116
-355.625 -335.625 124
-350.625 -336.625 124
-345.625 -339.625 124
-341.625 -343.625 124
-338.625 -347.625 124
-335.625 -352.625 124
-334.625 -358.625 124
-334.625 -363.625 124
-335.625 -369.625 124
-338.625 -374.625 124
-341.625 -378.625 124
-345.625 -382.625 124
-350.625 -385.625 124
-355.625 -386.625 124
-360.625 -387.625 124
-366.625 -386.625 124
-371.625 -385.625 124
-376.625 -382.625 124
-380.625 -378.625 124
-383.625 -374.625 124
-386.625 -369.625 124
-387.625 -363.625 124
-387.625 -358.625 124
-386.625 -352.625 124
-383.625 -347.625 124
-380.625 -343.625 124
-376.625 -339.625 124
-371.625 -336.625 124
-366.625 -335.625 124
-361.625 -334.625 124
-360.625 -360.625 127
