-510 0 -127
-505 25 -125
-500 24 -125
-495 21 -125
-491 17 -125
-488 13 -125
-485 8 -125
-484 2 -125
-484 -3 -125
-485 -9 -125
-488 -14 -125
-491 -18 -125
-495 -22 -125
-500 -25 -125
-505 -26 -125
-510 -27 -125
-516 -26 -125
-521 -25 -125
-526 -22 -125
-530 -18 -125
-533 -14 -125
-536 -9 -125
-537 -3 -125
-537 2 -125
-536 8 -125
-533 13 -125
-530 17 -125
-526 21 -125
-521 24 -125
-516 25 -125
-511 26 -125
-500 50 -117
-489 47 -117
-480 41 -117
-472 34 -117
-466 25 -117
-461 15 -117
-459 5 -117
-459 -6 -117
-461 -16 -117
-466 -26 -117
-472 -35 -117
-480 -42 -117
-489 -48 -117
-500 -51 -117
-510 -52 -117
-521 -51 -117
-532 -48 -117
-541 -42 -117
-549 -35 -117
-555 -26 -117
-560 -16 -117
-562 -6 -117
-562 5 -117
-560 15 -117
-555 25 -117
-549 34 -117
-541 41 -117
-532 47 -117
-521 50 -117
-511 51 -117
-495 73 -103
-480 68 -103
-467 60 -103
-455 49 -103
-446 37 -103
-440 23 -103
-436 7 -103
-436 -8 -103
-440 -24 -103
-446 -38 -103
-455 -50 -103
-467 -61 -103
-480 -69 -103
-495 -74 -103
-510 -75 -103
-526 -74 -103
-541 -69 -103
-554 -61 -103
-566 -50 -103
-575 -38 -103
-581 -24 -103
-585 -8 -103
-585 7 -103
-581 23 -103
-575 37 -103
-566 49 -103
-554 60 -103
-541 68 -103
-526 73 -103
-511 74 -103
-491 92 -85
-472 86 -85
-455 76 -85
-440 63 -85
-429 47 -85
-421 29 -85
-417 9 -85
-417 -10 -85
-421 -30 -85
-429 -48 -85
-440 -64 -85
-455 -77 -85
-472 -87 -85
-491 -93 -85
-510 -95 -85
-530 -93 -85
-549 -87 -85
-566 -77 -85
-581 -64 -85
-592 -48 -85
-600 -30 -85
-604 -10 -85
-604 9 -85
-600 29 -85
-592 47 -85
-581 63 -85
-566 76 -85
-549 86 -85
-530 92 -85
-511 94 -85
-488 107 -64
-466 100 -64
-446 88 -64
-429 73 -64
-415 54 -64
-406 33 -64
-401 11 -64
-401 -12 -64
-406 -34 -64
-415 -55 -64
-429 -74 -64
-446 -89 -64
-466 -101 -64
-488 -108 -64
-510 -110 -64
-533 -108 -64
-555 -101 -64
-575 -89 -64
-592 -74 -64
-606 -55 -64
-615 -34 -64
-620 -12 -64
-620 11 -64
-615 33 -64
-606 54 -64
-592 73 -64
-575 88 -64
-555 100 -64
-533 107 -64
-511 109 -64
-485 118 -40
-461 110 -40
-440 97 -40
-421 80 -40
-406 60 -40
-396 37 -40
-390 12 -40
-390 -13 -40
-396 -38 -40
-406 -61 -40
-421 -81 -40
-440 -98 -40
-461 -111 -40
-485 -119 -40
-510 -121 -40
-536 -119 -40
-560 -111 -40
-581 -98 -40
-600 -81 -40
-615 -61 -40
-625 -38 -40
-631 -13 -40
-631 12 -40
-625 37 -40
-615 60 -40
-600 80 -40
-581 97 -40
-560 110 -40
-536 118 -40
-511 120 -40
-484 123 -14
-459 115 -14
-436 102 -14
-417 84 -14
-401 63 -14
-390 39 -14
-385 13 -14
-385 -14 -14
-390 -40 -14
-401 -64 -14
-417 -85 -14
-436 -103 -14
-459 -116 -14
-484 -124 -14
-510 -127 -14
-537 -124 -14
-562 -116 -14
-585 -103 -14
-604 -85 -14
-620 -64 -14
-631 -40 -14
-636 -14 -14
-636 13 -14
-631 39 -14
-620 63 -14
-604 84 -14
-585 102 -14
-562 115 -14
-537 123 -14
-511 126 -14
-484 123 13
-459 115 13
-436 102 13
-417 84 13
-401 63 13
-390 39 13
-385 13 13
-385 -14 13
-390 -40 13
-401 -64 13
-417 -85 13
-436 -103 13
-459 -116 13
-484 -124 13
-510 -127 13
-537 -124 13
-562 -116 13
-585 -103 13
-604 -85 13
-620 -64 13
-631 -40 13
-636 -14 13
-636 13 13
-631 39 13
-620 63 13
-604 84 13
-585 102 13
-562 115 13
-537 123 13
-511 126 13
-485 118 39
-461 110 39
-440 97 39
-421 80 39
-406 60 39
-396 37 39
-390 12 39
-390 -13 39
-396 -38 39
-406 -61 39
-421 -81 39
-440 -98 39
-461 -111 39
-485 -119 39
-510 -121 39
-536 -119 39
-560 -111 39
-581 -98 39
-600 -81 39
-615 -61 39
-625 -38 39
-631 -13 39
-631 12 39
-625 37 39
-615 60 39
-600 80 39
-581 97 39
-560 110 39
-536 118 39
-511 120 39
-488 107 63
-466 100 63
-446 88 63
-429 73 63
-415 54 63
-406 33 63
-401 11 63
-401 -12 63
-406 -34 63
-415 -55 63
-429 -74 63
-446 -89 63
-466 -101 63
-488 -108 63
-510 -110 63
-533 -108 63
-555 -101 63
-575 -89 63
-592 -74 63
-606 -55 63
-615 -34 63
-620 -12 63
-620 11 63
-615 33 63
-606 54 63
-592 73 63
-575 88 63
-555 100 63
-533 107 63
-511 109 63
-491 92 84
-472 86 84
-455 76 84
-440 63 84
-429 47 84
-421 29 84
-417 9 84
-417 -10 84
-421 -30 84
-429 -48 84
-440 -64 84
-455 -77 84
-472 -87 84
-491 -93 84
-510 -95 84
-530 -93 84
-549 -87 84
-566 -77 84
-581 -64 84
-592 -48 84
-600 -30 84
-604 -10 84
-604 9 84
-600 29 84
-592 47 84
-581 63 84
-566 76 84
-549 86 84
-530 92 84
-511 94 84
-495 73 102
-480 68 102
-467 60 102
-455 49 102
-446 37 102
-440 23 102
-436 7 102
-436 -8 102
-440 -24 102
-446 -38 102
-455 -50 102
-467 -61 102
-480 -69 102
-495 -74 102
-510 -75 102
-526 -74 102
-541 -69 102
-554 -61 102
-566 -50 102
-575 -38 102
-581 -24 102
-585 -8 102
-585 7 102
-581 23 102
-575 37 102
-566 49 102
-554 60 102
-541 68 102
-526 73 102
-511 74 102
-500 50 116
-489 47 116
-480 41 116
-472 34 116
-466 25 116
-461 15 116
-459 5 116
-459 -6 116
-461 -16 116
-466 -26 116
-472 -35 116
-480 -42 116
-489 -48 116
-500 -51 116
-510 -52 116
-521 -51 116
-532 -48 116
-541 -42 116
-549 -35 116
-555 -26 116
-560 -16 116
-562 -6 116
-562 5 116
-560 15 116
-555 25 116
-549 34 116
-541 41 116
-532 47 116
-521 50 116
-511 51 116
-505 25 124
-500 24 124
-495 21 124
-491 17 124
-488 13 124
-485 8 124
-484 2 124
-484 -3 124
-485 -9 124
-488 -14 124
-491 -18 124
-495 -22 124
-500 -25 124
-505 -26 124
-510 -27 124
-516 -26 124
-521 -25 124
-526 -22 124
-530 -18 124
-533 -14 124
-536 -9 124
-537 -3 124
-537 2 124
-536 8 124
-533 13 124
-530 17 124
-526 21 124
-521 24 124
-516 25 124
-511 26 124
-510 0 127
