360.625 360.625 -127
365.625 385.625 -125
370.625 384.625 -125
375.625 381.625 -125
379.625 377.625 -125
382.625 373.625 -125
385.625 368.625 -125
386.625 362.625 -125
386.625 357.625 -125
385.625 351.625 -125
382.625 346.625 -125
379.625 342.625 -125
375.625 338.625 -125
370.625 335.625 -125
365.625 334.625 -125
360.625 333.625 -125
354.625 334.625 -125
349.625 335.625 -125
344.625 338.625 -125
340.625 342.625 -125
337.625 346.625 -125
334.625 351.625 -125
333.625 357.625 -125
333.625 362.625 -125
334.625 368.625 -125
337.625 373.625 -125
340.625 377.625 -125
344.625 381.625 -125
349.625 384.625 -125
354.625 385.625 -125
359.625 386.625 -125
370.625 410.625 -117
381.625 407.625 -117
390.625 401.625 -117
398.625 394.625 -117
404.625 385.625 -117
409.625 375.625 -117
411.625 365.625 -117
411.625 354.625 -117
409.625 344.625 -117
404.625 334.625 -117
398.625 325.625 -117
390.625 318.625 -117
381.625 312.625 -117
370.625 309.625 -117
360.625 308.625 -117
349.625 309.625 -117
338.625 312.625 -117
329.625 318.625 -117
321.625 325.625 -117
315.625 334.625 -117
310.625 344.625 -117
308.625 354.625 -117
308.625 365.625 -117
310.625 375.625 -117
315.625 385.625 -117
321.625 394.625 -117
329.625 401.625 -117
338.625 407.625 -117
349.625 410.625 -117
359.625 411.625 -117
375.625 433.625 -103
390.625 428.625 -103
403.625 420.625 -103
415.625 409.625 -103
424.625 397.625 -103
430.625 383.625 -103
434.625 367.625 -103
434.625 352.625 -103
430.625 336.625 -103
424.625 322.625 -103
415.625 310.625 -103
403.625 299.625 -103
390.625 291.625 -103
375.625 286.625 -103
360.625 285.625 -103
344.625 286.625 -103
329.625 291.625 -103
316.625 299.625 -103
304.625 310.625 -103
295.625 322.625 -103
289.625 336.625 -103
285.625 352.625 -103
285.625 367.625 -103
289.625 383.625 -103
295.625 397.625 -103
304.625 409.625 -103
316.625 420.625 -103
329.625 428.625 -103
344.625 433.625 -103
359.625 434.625 -103
379.625 452.625 -85
398.625 446.625 -85
415.625 436.625 -85
430.625 423.625 -85
441.625 407.625 -85
449.625 389.625 -85
453.625 369.625 -85
453.625 350.625 -85
449.625 330.625 -85
441.625 312.625 -85
430.625 296.625 -85
415.625 283.625 -85
398.625 273.625 -85
379.625 267.625 -85
360.625 265.625 -85
340.625 267.625 -85
321.625 273.625 -85
304.625 283.625 -85
289.625 296.625 -85
278.625 312.625 -85
270.625 330.625 -85
266.625 350.625 -85
266.625 369.625 -85
270.625 389.625 -85
278.625 407.625 -85
289.625 423.625 -85
304.625 436.625 -85
321.625 446.625 -85
340.625 452.625 -85
359.625 454.625 -85
382.625 467.625 -64
404.625 460.625 -64
424.625 448.625 -64
441.625 433.625 -64
455.625 414.625 -64
464.625 393.625 -64
469.625 371.625 -64
469.625 348.625 -64
464.625 326.625 -64
455.625 305.625 -64
441.625 286.625 -64
424.625 271.625 -64
404.625 259.625 -64
382.625 252.625 -64
360.625 250.625 -64
337.625 252.625 -64
315.625 259.625 -64
295.625 271.625 -64
278.625 286.625 -64
264.625 305.625 -64
255.625 326.625 -64
250.625 348.625 -64
250.625 371.625 -64
255.625 393.625 -64
264.625 414.625 -64
278.625 433.625 -64
295.625 448.625 -64
315.625 460.625 -64
337.625 467.625 -64
359.625 469.625 -64
385.625 478.625 -40
409.625 470.625 -40
430.625 457.625 -40
449.625 440.625 -40
464.625 420.625 -40
474.625 397.625 -40
480.625 372.625 -40
480.625 347.625 -40
474.625 322.625 -40
464.625 299.625 -40
449.625 279.625 -40
430.625 262.625 -40
409.625 249.625 -40
385.625 241.625 -40
360.625 239.625 -40
334.625 241.625 -40
310.625 249.625 -40
289.625 262.625 -40
270.625 279.625 -40
255.625 299.625 -40
245.625 322.625 -40
239.625 347.625 -40
239.625 372.625 -40
245.625 397.625 -40
255.625 420.625 -40
270.625 440.625 -40
289.625 457.625 -40
310.625 470.625 -40
334.625 478.625 -40
359.625 480.625 -40
386.625 483.625 -14
411.625 475.625 -14
434.625 462.625 -14
453.625 444.625 -14
469.625 423.625 -14
480.625 399.625 -14
485.625 373.625 -14
485.625 346.625 -14
480.625 320.625 -14
469.625 296.625 -14
453.625 275.625 -14
434.625 257.625 -14
411.625 244.625 -14
386.625 236.625 -14
360.625 233.625 -14
333.625 236.625 -14
308.625 244.625 -14
285.625 257.625 -14
266.625 275.625 -14
250.625 296.625 -14
239.625 320.625 -14
234.625 346.625 -14
234.625 373.625 -14
239.625 399.625 -14
250.625 423.625 -14
266.625 444.625 -14
285.625 462.625 -14
308.625 475.625 -14
333.625 483.625 -14
359.625 486.625 -14
386.625 483.625 13
411.625 475.625 13
434.625 462.625 13
453.625 444.625 13
469.625 423.625 13
480.625 399.625 13
485.625 373.625 13
485.625 346.625 13
480.625 320.625 13
469.625 296.625 13
453.625 275.625 13
434.625 257.625 13
411.625 244.625 13
386.625 236.625 13
360.625 233.625 13
333.625 236.625 13
308.625 244.625 13
285.625 257.625 13
266.625 275.625 13
250.625 296.625 13
239.625 320.625 13
234.625 346.625 13
234.625 373.625 13
239.625 399.625 13
250.625 423.625 13
266.625 444.625 13
285.625 462.625 13
308.625 475.625 13
333.625 483.625 13
359.625 486.625 13
385.625 478.625 39
409.625 470.625 39
430.625 457.625 39
449.625 440.625 39
464.625 420.625 39
474.625 397.625 39
480.625 372.625 39
480.625 347.625 39
474.625 322.625 39
464.625 299.625 39
449.625 279.625 39
430.625 262.625 39
409.625 249.625 39
385.625 241.625 39
360.625 239.625 39
334.625 241.625 39
310.625 249.625 39
289.625 262.625 39
270.625 279.625 39
255.625 299.625 39
245.625 322.625 39
239.625 347.625 39
239.625 372.625 39
245.625 397.625 39
255.625 420.625 39
270.625 440.625 39
289.625 457.625 39
310.625 470.625 39
334.625 478.625 39
359.625 480.625 39
382.625 467.625 63
404.625 460.625 63
424.625 448.625 63
441.625 433.625 63
455.625 414.625 63
464.625 393.625 63
469.625 371.625 63
469.625 348.625 63
464.625 326.625 63
455.625 305.625 63
441.625 286.625 63
424.625 271.625 63
404.625 259.625 63
382.625 252.625 63
360.625 250.625 63
337.625 252.625 63
315.625 259.625 63
295.625 271.625 63
278.625 286.625 63
264.625 305.625 63
255.625 326.625 63
250.625 348.625 63
250.625 371.625 63
255.625 393.625 63
264.625 414.625 63
278.625 433.625 63
295.625 448.625 63
315.625 460.625 63
337.625 467.625 63
359.625 469.625 63
379.625 452.625 84
398.625 446.625 84
415.625 436.625 84
430.625 423.625 84
441.625 407.625 84
449.625 389.625 84
453.625 369.625 84
453.625 350.625 84
449.625 330.625 84
441.625 312.625 84
430.625 296.625 84
415.625 283.625 84
398.625 273.625 84
379.625 267.625 84
360.625 265.625 84
340.625 267.625 84
321.625 273.625 84
304.625 283.625 84
289.625 296.625 84
278.625 312.625 84
270.625 330.625 84
266.625 350.625 84
266.625 369.625 84
270.625 389.625 84
278.625 407.625 84
289.625 423.625 84
304.625 436.625 84
321.625 446.625 84
340.625 452.625 84
359.625 454.625 84
375.625 433.625 102
390.625 428.625 102
403.625 420.625 102
415.625 409.625 102
424.625 397.625 102
430.625 383.625 102
434.625 367.625 102
434.625 352.625 102
430.625 336.625 102
424.625 322.625 102
415.625 310.625 102
403.625 299.625 102
390.625 291.625 102
375.625 286.625 102
360.625 285.625 102
344.625 286.625 102
329.625 291.625 102
316.625 299.625 102
304.625 310.625 102
295.625 322.625 102
289.625 336.625 102
285.625 352.625 102
285.625 367.625 102
289.625 383.625 102
295.625 397.625 102
304.625 409.625 102
316.625 420.625 102
329.625 428.625 102
344.625 433.625 102
359.625 434.625 102
370.625 410.625 116
381.625 407.625 116
390.625 401.625 116
398.625 394.625 116
404.625 385.625 116
409.625 375.625 116
411.625 365.625 116
411.625 354.625 116
409.625 344.625 116
404.625 334.625 116
398.625 325.625 116
390.625 318.625 116
381.625 312.625 116
370.625 309.625 116
360.625 308.625 116
349.625 309.625 116
338.625 312.625 116
329.625 318.625 116
321.625 325.625 116
315.625 334.625 116
310.625 344.625 116
308.625 354.625 116
308.625 365.625 116
310.625 375.625 116
315.625 385.625 116
321.625 394.625 116
329.625 401.625 116
338.625 407.625 116
349.625 410.625 116
359.625 411.625 116
365.625 385.625 124
370.625 384.625 124
375.625 381.625 124
379.625 377.625 124
382.625 373.625 124
385.625 368.625 124
386.625 362.625 124
386.625 357.625 124
385.625 351.625 124
382.625 346.625 124
379.625 342.625 124
375.625 338.625 124
370.625 335.625 124
365.625 334.625 124
360.625 333.625 124
354.625 334.625 124
349.625 335.625 124
344.625 338.625 124
340.625 342.625 124
337.625 346.625 124
334.625 351.625 124
333.625 357.625 124
333.625 362.625 124
334.625 368.625 124
337.625 373.625 124
340.625 377.625 124
344.625 381.625 124
349.625 384.625 124
354.625 385.625 124
359.625 386.625 124
360.625 360.625 127
