-360.625 360.625 -127
-355.625 385.625 -125
-350.625 384.625 -125
-345.625 381.625 -125
-341.625 377.625 -125
-338.625 373.625 -125
-335.625 368.625 -125
-334.625 362.625 -125
-334.625 357.625 -125
-335.625 351.625 -125
-338.625 346.625 -125
-341.625 342.625 -125
-345.625 338.625 -125
-350.625 335.625 -125
-355.625 334.625 -125
-360.625 333.625 -125
-366.625 334.625 -125
-371.625 335.625 -125
-376.625 338.625 -125
-380.625 342.625 -125
-383.625 346.625 -125
-386.625 351.625 -125
-387.625 357.625 -125
-387.625 362.625 -125
-386.625 368.625 -125
-383.625 373.625 -125
-380.625 377.625 -125
-376.625 381.625 -125
-371.625 384.625 -125
-366.625 385.625 -125
-361.625 386.625 -125
-350.625 410.625 -117
-339.625 407.625 -117
-330.625 401.625 -117
-322.625 394.625 -117
-316.625 385.625 -117
-311.625 375.625 -117
-309.625 365.625 -117
-309.625 354.625 -117
-311.625 344.625 -117
-316.625 334.625 -117
-322.625 325.625 -117
-330.625 318.625 -117
-339.625 312.625 -117
-350.625 309.625 -117
-360.625 308.625 -117
-371.625 309.625 -117
-382.625 312.625 -117
-391.625 318.625 -117
-399.625 325.625 -117
-405.625 334.625 -117
-410.625 344.625 -117
-412.625 354.625 -117
-412.625 365.625 -117
-410.625 375.625 -117
-405.625 385.625 -117
-399.625 394.625 -117
-391.625 401.625 -117
-382.625 407.625 -117
-371.625 410.625 -117
-361.625 411.625 -117
-345.625 433.625 -103
-330.625 428.625 -103
-317.625 420.625 -103
-305.625 409.625 -103
-296.625 397.625 -103
-290.625 383.625 -103
-286.625 367.625 -103
-286.625 352.625 -103
-290.625 336.625 -103
-296.625 322.625 -103
-305.625 310.625 -103
-317.625 299.625 -103
-330.625 291.625 -103
-345.625 286.625 -103
-360.625 285.625 -103
-376.625 286.625 -103
-391.625 291.625 -103
-404.625 299.625 -103
-416.625 310.625 -103
-425.625 322.625 -103
-431.625 336.625 -103
-435.625 352.625 -103
-435.625 367.625 -103
-431.625 383.625 -103
-425.625 397.625 -103
-416.625 409.625 -103
-404.625 420.625 -103
-391.625 428.625 -103
-376.625 433.625 -103
-361.625 434.625 -103
-341.625 452.625 -85
-322.625 446.625 -85
-305.625 436.625 -85
-290.625 423.625 -85
-279.625 407.625 -85
-271.625 389.625 -85
-267.625 369.625 -85
-267.625 350.625 -85
-271.625 330.625 -85
-279.625 312.625 -85
-290.625 296.625 -85
-305.625 283.625 -85
-322.625 273.625 -85
-341.625 267.625 -85
-360.625 265.625 -85
-380.625 267.625 -85
-399.625 273.625 -85
-416.625 283.625 -85
-431.625 296.625 -85
-442.625 312.625 -85
-450.625 330.625 -85
-454.625 350.625 -85
-454.625 369.625 -85
-450.625 389.625 -85
-442.625 407.625 -85
-431.625 423.625 -85
-416.625 436.625 -85
-399.625 446.625 -85
-380.625 452.625 -85
-361.625 454.625 -85
-338.625 467.625 -64
-316.625 460.625 -64
-296.625 448.625 -64
-279.625 433.625 -64
-265.625 414.625 -64
-256.625 393.625 -64
-251.625 371.625 -64
-251.625 348.625 -64
-256.625 326.625 -64
-265.625 305.625 -64
-279.625 286.625 -64
-296.625 271.625 -64
-316.625 259.625 -64
-338.625 252.625 -64
-360.625 250.625 -64
-383.625 252.625 -64
-405.625 259.625 -64
-425.625 271.625 -64
-442.625 286.625 -64
-456.625 305.625 -64
-465.625 326.625 -64
-470.625 348.625 -64
-470.625 371.625 -64
-465.625 393.625 -64
-456.625 414.625 -64
-442.625 433.625 -64
-425.625 448.625 -64
-405.625 460.625 -64
-383.625 467.625 -64
-361.625 469.625 -64
-335.625 478.625 -40
-311.625 470.625 -40
-290.625 457.625 -40
-271.625 440.625 -40
-256.625 420.625 -40
-246.625 397.625 -40
-240.625 372.625 -40
-240.625 347.625 -40
-246.625 322.625 -40
-256.625 299.625 -40
-271.625 279.625 -40
-290.625 262.625 -40
-311.625 249.625 -40
-335.625 241.625 -40
-360.625 239.625 -40
-386.625 241.625 -40
-410.625 249.625 -40
-431.625 262.625 -40
-450.625 279.625 -40
-465.625 299.625 -40
-475.625 322.625 -40
-481.625 347.625 -40
-481.625 372.625 -40
-475.625 397.625 -40
-465.625 420.625 -40
-450.625 440.625 -40
-431.625 457.625 -40
-410.625 470.625 -40
-386.625 478.625 -40
-361.625 480.625 -40
-334.625 483.625 -14
-309.625 475.625 -14
-286.625 462.625 -14
-267.625 444.625 -14
-251.625 423.625 -14
-240.625 399.625 -14
-235.625 373.625 -14
-235.625 346.625 -14
-240.625 320.625 -14
-251.625 296.625 -14
-267.625 275.625 -14
-286.625 257.625 -14
-309.625 244.625 -14
-334.625 236.625 -14
-360.625 233.625 -14
-387.625 236.625 -14
-412.625 244.625 -14
-435.625 257.625 -14
-454.625 275.625 -14
-470.625 296.625 -14
-481.625 320.625 -14
-486.625 346.625 -14
-486.625 373.625 -14
-481.625 399.625 -14
-470.625 423.625 -14
-454.625 444.625 -14
-435.625 462.625 -14
-412.625 475.625 -14
-387.625 483.625 -14
-361.625 486.625 -14
-334.625 483.625 13
-309.625 475.625 13
-286.625 462.625 13
-267.625 444.625 13
-251.625 423.625 13
-240.625 399.625 13
-235.625 373.625 13
-235.625 346.625 13
-240.625 320.625 13
-251.625 296.625 13
-267.625 275.625 13
-286.625 257.625 13
-309.625 244.625 13
-334.625 236.625 13
-360.625 233.625 13
-387.625 236.625 13
-412.625 244.625 13
-435.625 257.625 13
-454.625 275.625 13
-470.625 296.625 13
-481.625 320.625 13
-486.625 346.625 13
-486.625 373.625 13
-481.625 399.625 13
-470.625 423.625 13
-454.625 444.625 13
-435.625 462.625 13
-412.625 475.625 13
-387.625 483.625 13
-361.625 486.625 13
-335.625 478.625 39
-311.625 470.625 39
-290.625 457.625 39
-271.625 440.625 39
-256.625 420.625 39
-246.625 397.625 39
-240.625 372.625 39
-240.625 347.625 39
-246.625 322.625 39
-256.625 299.625 39
-271.625 279.625 39
-290.625 262.625 39
-311.625 249.625 39
-335.625 241.625 39
-360.625 239.625 39
-386.625 241.625 39
-410.625 249.625 39
-431.625 262.625 39
-450.625 279.625 39
-465.625 299.625 39
-475.625 322.625 39
-481.625 347.625 39
-481.625 372.625 39
-475.625 397.625 39
-465.625 420.625 39
-450.625 440.625 39
-431.625 457.625 39
-410.625 470.625 39
-386.625 478.625 39
-361.625 480.625 39
-338.625 467.625 63
-316.625 460.625 63
-296.625 448.625 63
-279.625 433.625 63
-265.625 414.625 63
-256.625 393.625 63
-251.625 371.625 63
-251.625 348.625 63
-256.625 326.625 63
-265.625 305.625 63
-279.625 286.625 63
-296.625 271.625 63
-316.625 259.625 63
-338.625 252.625 63
-360.625 250.625 63
-383.625 252.625 63
-405.625 259.625 63
-425.625 271.625 63
-442.625 286.625 63
-456.625 305.625 63
-465.625 326.625 63
-470.625 348.625 63
-470.625 371.625 63
-465.625 393.625 63
-456.625 414.625 63
-442.625 433.625 63
-425.625 448.625 63
-405.625 460.625 63
-383.625 467.625 63
-361.625 469.625 63
-341.625 452.625 84
-322.625 446.625 84
-305.625 436.625 84
-290.625 423.625 84
-279.625 407.625 84
-271.625 389.625 84
-267.625 369.625 84
-267.625 350.625 84
-271.625 330.625 84
-279.625 312.625 84
-290.625 296.625 84
-305.625 283.625 84
-322.625 273.625 84
-341.625 267.625 84
-360.625 265.625 84
-380.625 267.625 84
-399.625 273.625 84
-416.625 283.625 84
-431.625 296.625 84
-442.625 312.625 84
-450.625 330.625 84
-454.625 350.625 84
-454.625 369.625 84
-450.625 389.625 84
-442.625 407.625 84
-431.625 423.625 84
-416.625 436.625 84
-399.625 446.625 84
-380.625 452.625 84
-361.625 454.625 84
-345.625 433.625 102
-330.625 428.625 102
-317.625 420.625 102
-305.625 409.625 102
-296.625 397.625 102
-290.625 383.625 102
-286.625 367.625 102
-286.625 352.625 102
-290.625 336.625 102
-296.625 322.625 102
-305.625 310.625 102
-317.625 299.625 102
-330.625 291.625 102
-345.625 286.625 102
-360.625 285.625 102
-376.625 286.625 102
-391.625 291.625 102
-404.625 299.625 102
-416.625 310.625 102
-425.625 322.625 102
-431.625 336.625 102
-435.625 352.625 102
-435.625 367.625 102
-431.625 383.625 102
-425.625 397.625 102
-416.625 409.625 102
-404.625 420.625 102
-391.625 428.625 102
-376.625 433.625 102
-361.625 434.625 102
-350.625 410.625 116
-339.625 407.625 116
-330.625 401.625 116
-322.625 394.625 116
-316.625 385.625 116
-311.625 375.625 116
-309.625 365.625 116
-309.625 354.625 116
-311.625 344.625 116
-316.625 334.625 116
-322.625 325.625 116
-330.625 318.625 116
-339.625 312.625 116
-350.625 309.625 116
-360.625 308.625 116
-371.625 309.625 116
-382.625 312.625 116
-391.625 318.625 116
-399.625 325.625 116
-405.625 334.625 116
-410.625 344.625 116
-412.625 354.625 116
-412.625 365.625 116
-410.625 375.625 116
-405.625 385.625 116
-399.625 394.625 116
-391.625 401.625 116
-382.625 407.625 116
-371.625 410.625 116
-361.625 411.625 116
-355.625 385.625 124
-350.625 384.625 124
-345.625 381.625 124
-341.625 377.625 124
-338.625 373.625 124
-335.625 368.625 124
-334.625 362.625 124
-334.625 357.625 124
-335.625 351.625 124
-338.625 346.625 124
-341.625 342.625 124
-345.625 338.625 124
-350.625 335.625 124
-355.625 334.625 124
-360.625 333.625 124
-366.625 334.625 124
-371.625 335.625 124
-376.625 338.625 124
-380.625 342.625 124
-383.625 346.625 124
-386.625 351.625 124
-387.625 357.625 124
-387.625 362.625 124
-386.625 368.625 124
-383.625 373.625 124
-380.625 377.625 124
-376.625 381.625 124
-371.625 384.625 124
-366.625 385.625 124
-361.625 386.625 124
-360.625 360.625 127
