0 510 -127
5 535 -125
10 534 -125
15 531 -125
19 527 -125
22 523 -125
25 518 -125
26 512 -125
26 507 -125
25 501 -125
22 496 -125
19 492 -125
15 488 -125
10 485 -125
5 484 -125
0 483 -125
-6 484 -125
-11 485 -125
-16 488 -125
-20 492 -125
-23 496 -125
-26 501 -125
-27 507 -125
-27 512 -125
-26 518 -125
-23 523 -125
-20 527 -125
-16 531 -125
-11 534 -125
-6 535 -125
-1 536 -125
10 560 -117
21 557 -117
30 551 -117
38 544 -117
44 535 -117
49 525 -117
51 515 -117
51 504 -117
49 494 -117
44 484 -117
38 475 -117
30 468 -117
21 462 -117
10 459 -117
0 458 -117
-11 459 -117
-22 462 -117
-31 468 -117
-39 475 -117
-45 484 -117
-50 494 -117
-52 504 -117
-52 515 -117
-50 525 -117
-45 535 -117
-39 544 -117
-31 551 -117
-22 557 -117
-11 560 -117
-1 561 -117
15 583 -103
30 578 -103
43 570 -103
55 559 -103
64 547 -103
70 533 -103
74 517 -103
74 502 -103
70 486 -103
64 472 -103
55 460 -103
43 449 -103
30 441 -103
15 436 -103
0 435 -103
-16 436 -103
-31 441 -103
-44 449 -103
-56 460 -103
-65 472 -103
-71 486 -103
-75 502 -103
-75 517 -103
-71 533 -103
-65 547 -103
-56 559 -103
-44 570 -103
-31 578 -103
-16 583 -103
-1 584 -103
19 602 -85
38 596 -85
55 586 -85
70 573 -85
81 557 -85
89 539 -85
93 519 -85
93 500 -85
89 480 -85
81 462 -85
70 446 -85
55 433 -85
38 423 -85
19 417 -85
0 415 -85
-20 417 -85
-39 423 -85
-56 433 -85
-71 446 -85
-82 462 -85
-90 480 -85
-94 500 -85
-94 519 -85
-90 539 -85
-82 557 -85
-71 573 -85
-56 586 -85
-39 596 -85
-20 602 -85
-1 604 -85
22 617 -64
44 610 -64
64 598 -64
81 583 -64
95 564 -64
104 543 -64
109 521 -64
109 498 -64
104 476 -64
95 455 -64
81 436 -64
64 421 -64
44 409 -64
22 402 -64
0 400 -64
-23 402 -64
-45 409 -64
-65 421 -64
-82 436 -64
-96 455 -64
-105 476 -64
-110 498 -64
-110 521 -64
-105 543 -64
-96 564 -64
-82 583 -64
-65 598 -64
-45 610 -64
-23 617 -64
-1 619 -64
25 628 -40
49 620 -40
70 607 -40
89 590 -40
104 570 -40
114 547 -40
120 522 -40
120 497 -40
114 472 -40
104 449 -40
89 429 -40
70 412 -40
49 399 -40
25 391 -40
0 389 -40
-26 391 -40
-50 399 -40
-71 412 -40
-90 429 -40
-105 449 -40
-115 472 -40
-121 497 -40
-121 522 -40
-115 547 -40
-105 570 -40
-90 590 -40
-71 607 -40
-50 620 -40
-26 628 -40
-1 630 -40
26 633 -14
51 625 -14
74 612 -14
93 594 -14
109 573 -14
120 549 -14
125 523 -14
125 496 -14
120 470 -14
109 446 -14
93 425 -14
74 407 -14
51 394 -14
26 386 -14
0 383 -14
-27 386 -14
-52 394 -14
-75 407 -14
-94 425 -14
-110 446 -14
-121 470 -14
-126 496 -14
-126 523 -14
-121 549 -14
-110 573 -14
-94 594 -14
-75 612 -14
-52 625 -14
-27 633 -14
-1 636 -14
26 633 13
51 625 13
74 612 13
93 594 13
109 573 13
120 549 13
125 523 13
125 496 13
120 470 13
109 446 13
93 425 13
74 407 13
51 394 13
26 386 13
0 383 13
-27 386 13
-52 394 13
-75 407 13
-94 425 13
-110 446 13
-121 470 13
-126 496 13
-126 523 13
-121 549 13
-110 573 13
-94 594 13
-75 612 13
-52 625 13
-27 633 13
-1 636 13
25 628 39
49 620 39
70 607 39
89 590 39
104 570 39
114 547 39
120 522 39
120 497 39
114 472 39
104 449 39
89 429 39
70 412 39
49 399 39
25 391 39
0 389 39
-26 391 39
-50 399 39
-71 412 39
-90 429 39
-105 449 39
-115 472 39
-121 497 39
-121 522 39
-115 547 39
-105 570 39
-90 590 39
-71 607 39
-50 620 39
-26 628 39
-1 630 39
22 617 63
44 610 63
64 598 63
81 583 63
95 564 63
104 543 63
109 521 63
109 498 63
104 476 63
95 455 63
81 436 63
64 421 63
44 409 63
22 402 63
0 400 63
-23 402 63
-45 409 63
-65 421 63
-82 436 63
-96 455 63
-105 476 63
-110 498 63
-110 521 63
-105 543 63
-96 564 63
-82 583 63
-65 598 63
-45 610 63
-23 617 63
-1 619 63
19 602 84
38 596 84
55 586 84
70 573 84
81 557 84
89 539 84
93 519 84
93 500 84
89 480 84
81 462 84
70 446 84
55 433 84
38 423 84
19 417 84
0 415 84
-20 417 84
-39 423 84
-56 433 84
-71 446 84
-82 462 84
-90 480 84
-94 500 84
-94 519 84
-90 539 84
-82 557 84
-71 573 84
-56 586 84
-39 596 84
-20 602 84
-1 604 84
15 583 102
30 578 102
43 570 102
55 559 102
64 547 102
70 533 102
74 517 102
74 502 102
70 486 102
64 472 102
55 460 102
43 449 102
30 441 102
15 436 102
0 435 102
-16 436 102
-31 441 102
-44 449 102
-56 460 102
-65 472 102
-71 486 102
-75 502 102
-75 517 102
-71 533 102
-65 547 102
-56 559 102
-44 570 102
-31 578 102
-16 583 102
-1 584 102
10 560 116
21 557 116
30 551 116
38 544 116
44 535 116
49 525 116
51 515 116
51 504 116
49 494 116
44 484 116
38 475 116
30 468 116
21 462 116
10 459 116
0 458 116
-11 459 116
-22 462 116
-31 468 116
-39 475 116
-45 484 116
-50 494 116
-52 504 116
-52 515 116
-50 525 116
-45 535 116
-39 544 116
-31 551 116
-22 557 116
-11 560 116
-1 561 116
5 535 124
10 534 124
15 531 124
19 527 124
22 523 124
25 518 124
26 512 124
26 507 124
25 501 124
22 496 124
19 492 124
15 488 124
10 485 124
5 484 124
0 483 124
-6 484 124
-11 485 124
-16 488 124
-20 492 124
-23 496 124
-26 501 124
-27 507 124
-27 512 124
-26 518 124
-23 523 124
-20 527 124
-16 531 124
-11 534 124
-6 535 124
-1 536 124
0 510 127
