0 -510 -127
5 -485 -125
10 -486 -125
15 -489 -125
19 -493 -125
22 -497 -125
25 -502 -125
26 -508 -125
26 -513 -125
25 -519 -125
22 -524 -125
19 -528 -125
15 -532 -125
10 -535 -125
5 -536 -125
0 -537 -125
-6 -536 -125
-11 -535 -125
-16 -532 -125
-20 -528 -125
-23 -524 -125
-26 -519 -125
-27 -513 -125
-27 -508 -125
-26 -502 -125
-23 -497 -125
-20 -493 -125
-16 -489 -125
-11 -486 -125
-6 -485 -125
-1 -484 -125
10 -460 -117
21 -463 -117
30 -469 -117
38 -476 -117
44 -485 -117
49 -495 -117
51 -505 -117
51 -516 -117
49 -526 -117
44 -536 -117
38 -545 -117
30 -552 -117
21 -558 -117
10 -561 -117
0 -562 -117
-11 -561 -117
-22 -558 -117
-31 -552 -117
-39 -545 -117
-45 -536 -117
-50 -526 -117
-52 -516 -117
-52 -505 -117
-50 -495 -117
-45 -485 -117
-39 -476 -117
-31 -469 -117
-22 -463 -117
-11 -460 -117
-1 -459 -117
15 -437 -103
30 -442 -103
43 -450 -103
55 -461 -103
64 -473 -103
70 -487 -103
74 -503 -103
74 -518 -103
70 -534 -103
64 -548 -103
55 -560 -103
43 -571 -103
30 -579 -103
15 -584 -103
0 -585 -103
-16 -584 -103
-31 -579 -103
-44 -571 -103
-56 -560 -103
-65 -548 -103
-71 -534 -103
-75 -518 -103
-75 -503 -103
-71 -487 -103
-65 -473 -103
-56 -461 -103
-44 -450 -103
-31 -442 -103
-16 -437 -103
-1 -436 -103
19 -418 -85
38 -424 -85
55 -434 -85
70 -447 -85
81 -463 -85
89 -481 -85
93 -501 -85
93 -520 -85
89 -540 -85
81 -558 -85
70 -574 -85
55 -587 -85
38 -597 -85
19 -603 -85
0 -605 -85
-20 -603 -85
-39 -597 -85
-56 -587 -85
-71 -574 -85
-82 -558 -85
-90 -540 -85
-94 -520 -85
-94 -501 -85
-90 -481 -85
-82 -463 -85
-71 -447 -85
-56 -434 -85
-39 -424 -85
-20 -418 -85
-1 -416 -85
22 -403 -64
44 -410 -64
64 -422 -64
81 -437 -64
95 -456 -64
104 -477 -64
109 -499 -64
109 -522 -64
104 -544 -64
95 -565 -64
81 -584 -64
64 -599 -64
44 -611 -64
22 -618 -64
0 -620 -64
-23 -618 -64
-45 -611 -64
-65 -599 -64
-82 -584 -64
-96 -565 -64
-105 -544 -64
-110 -522 -64
-110 -499 -64
-105 -477 -64
-96 -456 -64
-82 -437 -64
-65 -422 -64
-45 -410 -64
-23 -403 -64
-1 -401 -64
25 -392 -40
49 -400 -40
70 -413 -40
89 -430 -40
104 -450 -40
114 -473 -40
120 -498 -40
120 -523 -40
114 -548 -40
104 -571 -40
89 -591 -40
70 -608 -40
49 -621 -40
25 -629 -40
0 -631 -40
-26 -629 -40
-50 -621 -40
-71 -608 -40
-90 -591 -40
-105 -571 -40
-115 -548 -40
-121 -523 -40
-121 -498 -40
-115 -473 -40
-105 -450 -40
-90 -430 -40
-71 -413 -40
-50 -400 -40
-26 -392 -40
-1 -390 -40
26 -387 -14
51 -395 -14
74 -408 -14
93 -426 -14
109 -447 -14
120 -471 -14
125 -497 -14
125 -524 -14
120 -550 -14
109 -574 -14
93 -595 -14
74 -613 -14
51 -626 -14
26 -634 -14
0 -637 -14
-27 -634 -14
-52 -626 -14
-75 -613 -14
-94 -595 -14
-110 -574 -14
-121 -550 -14
-126 -524 -14
-126 -497 -14
-121 -471 -14
-110 -447 -14
-94 -426 -14
-75 -408 -14
-52 -395 -14
-27 -387 -14
-1 -384 -14
26 -387 13
51 -395 13
74 -408 13
93 -426 13
109 -447 13
120 -471 13
125 -497 13
125 -524 13
120 -550 13
109 -574 13
93 -595 13
74 -613 13
51 -626 13
26 -634 13
0 -637 13
-27 -634 13
-52 -626 13
-75 -613 13
-94 -595 13
-110 -574 13
-121 -550 13
-126 -524 13
-126 -497 13
-121 -471 13
-110 -447 13
-94 -426 13
-75 -408 13
-52 -395 13
-27 -387 13
-1 -384 13
25 -392 39
49 -400 39
70 -413 39
89 -430 39
104 -450 39
114 -473 39
120 -498 39
120 -523 39
114 -548 39
104 -571 39
89 -591 39
70 -608 39
49 -621 39
25 -629 39
0 -631 39
-26 -629 39
-50 -621 39
-71 -608 39
-90 -591 39
-105 -571 39
-115 -548 39
-121 -523 39
-121 -498 39
-115 -473 39
-105 -450 39
-90 -430 39
-71 -413 39
-50 -400 39
-26 -392 39
-1 -390 39
22 -403 63
44 -410 63
64 -422 63
81 -437 63
95 -456 63
104 -477 63
109 -499 63
109 -522 63
104 -544 63
95 -565 63
81 -584 63
64 -599 63
44 -611 63
22 -618 63
0 -620 63
-23 -618 63
-45 -611 63
-65 -599 63
-82 -584 63
-96 -565 63
-105 -544 63
-110 -522 63
-110 -499 63
-105 -477 63
-96 -456 63
-82 -437 63
-65 -422 63
-45 -410 63
-23 -403 63
-1 -401 63
19 -418 84
38 -424 84
55 -434 84
70 -447 84
81 -463 84
89 -481 84
93 -501 84
93 -520 84
89 -540 84
81 -558 84
70 -574 84
55 -587 84
38 -597 84
19 -603 84
0 -605 84
-20 -603 84
-39 -597 84
-56 -587 84
-71 -574 84
-82 -558 84
-90 -540 84
-94 -520 84
-94 -501 84
-90 -481 84
-82 -463 84
-71 -447 84
-56 -434 84
-39 -424 84
-20 -418 84
-1 -416 84
15 -437 102
30 -442 102
43 -450 102
55 -461 102
64 -473 102
70 -487 102
74 -503 102
74 -518 102
70 -534 102
64 -548 102
55 -560 102
43 -571 102
30 -579 102
15 -584 102
0 -585 102
-16 -584 102
-31 -579 102
-44 -571 102
-56 -560 102
-65 -548 102
-71 -534 102
-75 -518 102
-75 -503 102
-71 -487 102
-65 -473 102
-56 -461 102
-44 -450 102
-31 -442 102
-16 -437 102
-1 -436 102
10 -460 116
21 -463 116
30 -469 116
38 -476 116
44 -485 116
49 -495 116
51 -505 116
51 -516 116
49 -526 116
44 -536 116
38 -545 116
30 -552 116
21 -558 116
10 -561 116
0 -562 116
-11 -561 116
-22 -558 116
-31 -552 116
-39 -545 116
-45 -536 116
-50 -526 116
-52 -516 116
-52 -505 116
-50 -495 116
-45 -485 116
-39 -476 116
-31 -469 116
-22 -463 116
-11 -460 116
-1 -459 116
5 -485 124
10 -486 124
15 -489 124
19 -493 124
22 -497 124
25 -502 124
26 -508 124
26 -513 124
25 -519 124
22 -524 124
19 -528 124
15 -532 124
10 -535 124
5 -536 124
0 -537 124
-6 -536 124
-11 -535 124
-16 -532 124
-20 -528 124
-23 -524 124
-26 -519 124
-27 -513 124
-27 -508 124
-26 -502 124
-23 -497 124
-20 -493 124
-16 -489 124
-11 -486 124
-6 -485 124
-1 -484 124
0 -510 127
