



























7560 7560 7560 7560 7560 7560 7560 7560 7560 7560 5403 5402 5343 5343 5340 5281 5281 5281 5278 5278 5279 5279 5276 5277 5277 5274 5275 5275 5332 5332 5333 5393 7560 7560 7560 7560 7560 7561 7561 7561 7561 
7560 7560 7560 7560 7560 7560 7560 7560 7560 5405 5342 5342 5342 5283 5283 5280 5280 5281 5281 5278 5278 5219 5276 5276 5277 5274 5274 5275 5272 5273 5332 5333 5390 7560 7560 7560 7561 7561 7561 7561 7561 
7560 7560 7560 7560 7560 7560 7560 7560 5405 5345 5345 5342 5283 5283 5283 5283 5221 5221 5221 5219 5219 5219 5216 5217 5217 5215 5215 5275 5272 5273 5273 5333 5330 5390 7560 7561 7561 7561 7561 7561 7561 
7560 7560 7560 7560 7560 7560 7560 5404 5345 5344 5285 5285 5282 5282 5223 5223 5220 5221 5221 5218 5218 5219 5216 5217 5214 5214 5215 5212 5213 5272 5273 5270 5330 5331 5390 7561 7561 7561 7561 7561 7561 
7560 7560 7560 7560 7560 7560 5407 5347 5344 5285 5285 5285 5284 5222 5223 5223 5223 5220 5220 5218 5159 5159 5157 5216 5214 5214 5215 5212 5213 5213 5211 5270 5271 5271 5331 5388 7561 7561 7561 7561 7561 
7560 7560 7560 7560 7560 5407 5347 5347 5287 5287 5284 5284 5225 5225 5222 5222 5222 5161 5161 5161 5159 5159 5157 5157 5155 5155 5152 5212 5213 5210 5211 5211 5271 5271 5269 5328 5389 7561 7561 7561 7561 
7560 7560 7560 7560 7560 5406 5346 5346 5287 5287 5286 5224 5224 5224 5225 5163 5163 5163 5161 5161 5158 5159 5156 5157 5154 5155 5152 5153 5212 5210 5211 5211 5208 5268 5269 5328 5329 5389 7561 7561 7561 
7560 7560 7560 7560 5409 5349 5346 5287 5286 5286 5227 5227 5224 5224 5165 5165 5162 5163 5160 5160 5158 5158 5156 5157 5154 5155 5152 5153 5151 5151 5211 5208 5209 5268 5269 5269 5329 5327 7561 7561 7561 
7560 7560 7560 5409 5408 5349 5289 5289 5286 5227 5227 5227 5226 5164 5165 5165 5162 5162 5162 5101 5098 5099 5097 5094 5095 5152 5152 5150 5151 5151 5149 5208 5209 5209 5269 5266 5267 5326 5387 7561 7561 
7560 7560 7560 5408 5349 5348 5289 5289 5288 5229 5226 5226 5167 5167 5167 5164 5164 5103 5103 5101 5101 5099 5097 5094 5095 5093 5093 5150 5151 5148 5149 5208 5209 5206 5207 5266 5267 5326 5386 7561 7561 
7560 7560 7560 5408 5348 5348 5288 5288 5229 5229 5229 5228 5166 5166 5166 5166 5105 5105 5103 5103 5101 5099 5096 5094 5092 5093 5091 5091 5148 5148 5149 5146 5206 5206 5207 5266 5267 5326 5327 7561 7561 
7560 7560 5411 5351 5351 5291 5291 5288 5228 5228 5228 5169 5169 5169 5166 5107 5107 5104 5105 5102 5100 5098 5096 5094 5092 5090 5091 5089 5089 5149 5146 5147 5206 5207 5207 5207 5264 5264 5324 5384 7561 
7560 7560 5411 5351 5350 5291 5291 5290 5231 5231 5231 5168 5168 5168 5168 5109 5106 5107 5104 5104 5056 5054 5053 5051 5090 5091 5089 5089 5087 5146 5147 5147 5144 5204 5204 5205 5264 5265 5324 5384 7561 
7560 7560 5410 5350 5350 5291 5290 5231 5231 5230 5171 5171 5171 5171 5109 5109 5109 5109 5106 5057 5056 5055 5053 5051 5050 5088 5086 5087 5087 5087 5144 5144 5145 5204 5205 5205 5264 5265 5324 5325 7561 
7560 7560 5410 5350 5291 5290 5290 5230 5230 5230 5171 5170 5170 5170 5111 5111 5111 5111 5059 5059 5057 5055 5052 5050 5048 5048 5084 5084 5085 5085 5144 5145 5145 5204 5205 5205 5265 5265 5325 5325 7561 
7560 7560 5412 5353 5293 5293 5292 5233 5233 5232 5173 5173 5173 5172 5113 5113 5113 5113 5060 5060 5060 5058 5050 5047 5047 5047 5082 5082 5082 5083 5142 5142 5143 5202 5202 5203 5262 5262 5322 5322 7561 
7560 7560 5412 5353 5293 5293 5292 5233 5232 5232 5173 5172 5172 5172 5113 5112 5115 5114 5062 5062 5063 5065 5042 5044 5045 5045 5080 5080 5083 5083 5142 5143 5143 5202 5203 5203 5262 5263 5322 5323 7561 
7560 7560 5412 5352 5293 5292 5292 5232 5235 5235 5175 5175 5175 5174 5115 5115 5114 5117 5063 5064 5065 5067 5040 5042 5043 5044 5078 5081 5081 5081 5140 5140 5140 5200 5200 5203 5263 5263 5322 5323 7561 
7560 7560 5412 5355 5354 5295 5295 5235 5235 5234 5175 5175 5174 5174 5117 5117 5117 5116 5118 5065 5066 5068 5069 5041 5042 5076 5079 5079 5079 5079 5141 5141 5141 5200 5200 5201 5260 5260 5320 5320 7561 
7560 7560 5415 5355 5354 5295 5294 5235 5235 5234 5234 5177 5177 5176 5176 5116 5119 5118 5121 5122 5067 5068 5069 5040 5072 5074 5077 5077 5079 5138 5138 5138 5141 5201 5201 5201 5260 5261 5320 5321 7561 
7560 7560 5415 5355 5354 5295 5294 5294 5234 5237 5236 5177 5177 5176 5179 5119 5119 5121 5120 5122 5124 5126 5128 5070 5073 5075 5075 5077 5077 5136 5139 5139 5198 5198 5198 5201 5261 5261 5321 5380 7561 
7560 7560 5414 5355 5354 5294 5297 5297 5237 5237 5236 5236 5179 5179 5178 5178 5121 5121 5123 5125 5124 5126 5129 5071 5073 5073 5075 5075 5137 5136 5136 5139 5198 5199 5199 5258 5258 5261 5321 5381 7561 
7560 7560 5414 5417 5357 5356 5297 5296 5237 5236 5236 5239 5179 5179 5178 5181 5180 5123 5123 5125 5124 5127 5129 5071 5071 5073 5073 5134 5134 5137 5137 5196 5196 5199 5199 5258 5259 5318 5318 5381 7561 
7560 7560 5477 5417 5357 5356 5297 5296 5296 5239 5239 5238 5238 5181 5181 5180 5183 5182 5185 5125 5127 5127 5129 5128 5071 5132 5132 5135 5135 5135 5137 5196 5196 5196 5258 5259 5259 5318 5378 7561 7561 
7560 7560 7560 5417 5357 5356 5297 5299 5299 5298 5239 5238 5241 5240 5181 5180 5183 5182 5185 5184 5187 5186 5188 5188 5130 5130 5133 5132 5135 5135 5194 5197 5197 5197 5256 5256 5318 5319 5379 7561 7561 
7560 7560 7560 5476 5416 5356 5359 5299 5299 5298 5239 5241 5241 5240 5240 5183 5183 5182 5185 5184 5187 5186 5189 5188 5131 5130 5133 5133 5133 5194 5194 5194 5197 5256 5257 5257 5316 5319 7561 7561 7561 
7560 7560 7560 7560 5419 5359 5359 5358 5299 5298 5301 5241 5241 5240 5243 5242 5242 5185 5185 5184 5187 5186 5189 5189 5131 5131 5133 5192 5192 5195 5195 5195 5254 5257 5257 5316 5317 5376 7561 7561 7561 
7560 7560 7560 7560 7560 5419 5359 5358 5358 5301 5301 5300 5241 5243 5243 5242 5242 5244 5244 5187 5187 5187 5189 5189 5190 5190 5190 5193 5193 5192 5195 5254 5254 5254 5316 5317 5376 7561 7561 7561 7561 
7560 7560 7560 7560 7560 5478 5418 5358 5361 5360 5301 5300 5300 5302 5243 5242 5245 5245 5244 5247 5246 5246 5249 5248 5191 5191 5190 5193 5193 5193 5252 5255 5255 5314 5314 5317 7561 7561 7561 7561 7561 
7560 7560 7560 7560 7560 7560 5418 5421 5361 5360 5360 5300 5303 5303 5302 5243 5245 5245 5244 5247 5247 5246 5249 5249 5248 5191 5191 5190 5252 5252 5252 5255 5314 5314 5315 5377 7561 7561 7561 7561 7561 
7560 7560 7560 7560 7560 7560 7560 5421 5420 5361 5360 5363 5303 5303 5302 5305 5304 5304 5245 5247 5247 5246 5249 5249 5249 5250 5250 5250 5253 5253 5253 5312 5315 5374 5375 7561 7561 7561 7561 7561 7561 
7560 7560 7560 7560 7560 7560 7561 7561 5421 5420 5363 5363 5362 5362 5302 5305 5305 5304 5307 5306 5306 5306 5308 5308 5308 5251 5251 5250 5253 5312 5312 5312 5374 5375 7561 7561 7561 7561 7561 7561 7561 
7560 7560 7560 7560 7560 7561 7561 7561 7561 5420 5423 5422 5363 5362 5365 5364 5305 5305 5307 5307 5306 5309 5309 5309 5308 5251 5251 5310 5310 5313 5313 5372 5375 7561 7561 7561 7561 7561 7561 7561 7561 
7560 7560 7560 7560 7561 7561 7561 7561 7561 7561 7561 5423 5422 5362 5365 5365 5364 5364 5367 5366 5366 5369 5368 5368 5368 5311 5311 5311 5310 5372 5373 7561 7561 7561 7561 7561 7561 7561 7561 7561 7561 
7560 7560 7560 7561 7561 7561 7561 7561 7561 7561 7561 7561 5482 5425 5425 5424 5365 5367 5367 5367 5366 5369 5369 5369 5368 5311 5311 5370 5370 7561 7561 7561 7561 7561 7561 7561 7561 7561 7561 7561 7561 
7560 7560 7561 7561 7561 7561 7561 7561 7561 7561 7561 7561 7561 7561 7561 5484 5424 5427 5427 5426 5426 5429 5429 5428 5428 5371 7561 7561 7561 7561 7561 7561 7561 7561 7561 7561 7561 7561 7561 7561 7561 
7560 7561 7561 7561 7561 7561 7561 7561 7561 7561 7561 7561 7561 7561 7561 7561 7561 7561 7561 7561 7561 7561 7561 7561 7561 7561 7561 7561 7561 7561 7561 7561 7561 7561 7561 7561 7561 7561 7561 7561 7561 
7561 7561 7561 7561 7561 7561 7561 7561 7561 7561 7561 7561 7561 7561 7561 7561 7561 7561 7561 7561 7561 7561 7561 7561 7561 7561 7561 7561 7561 7561 7561 7561 7561 7561 7561 7561 7561 7561 7561 7561 7561 
7561 7561 7561 7561 7561 7561 7561 7561 7561 7561 7561 7561 7561 7561 7561 7561 7561 7561 7561 7561 7561 7561 7561 7561 7561 7561 7561 7561 7561 7561 7561 7561 7561 7561 7561 7561 7561 7561 7561 7561 7561 
7561 7561 7561 7561 7561 7561 7561 7561 7561 7561 7561 7561 7561 7561 7561 7561 7561 7561 7561 7561 7561 7561 7561 7561 7561 7561 7561 7561 7561 7561 7561 7561 7561 7561 7561 7561 7561 7561 7561 7561 7561 
7561 7561 7561 7561 7561 7561 7561 7561 7561 7561 7561 7561 7561 7561 7561 7561 7561 7561 7561 7561 7561 7561 7561 7561 7561 7561 7561 7561 7561 7561 7561 7561 7561 7561 7561 7561 7561 7561 7561 7561 7561 
7561 7561 7561 7561 7561 7561 7561 7561 7561 7561 7561 7561 7561 7561 7561 7561 7561 7561 7561 7561 7561 7561 7561 7561 7561 7561 7561 7561 7561 7561 7561 7561 7561 7561 7561 7561 7561 7561 7561 7561 7561 



































































































































