3 0 1 2 
3 0 2 3 
3 0 4 1 
3 5 6 7 
3 5 7 8 
3 5 8 9 
3 9 8 10 
3 9 10 11 
3 11 10 12 
3 11 12 13 
3 14 6 15 
3 16 15 6 
3 16 6 5 
3 16 5 17 
3 17 5 9 
3 17 9 18 
3 19 18 9 
3 19 9 11 
3 19 11 13 
3 19 13 20 
3 21 15 16 
3 21 16 22 
3 22 16 17 
3 22 17 23 
3 23 17 18 
3 23 18 24 
3 24 18 19 
3 24 19 25 
3 25 19 20 
3 25 20 26 
3 27 26 28 
3 29 28 26 
3 29 26 20 
3 30 31 14 
3 30 14 15 
3 32 30 15 
3 32 15 21 
3 33 32 21 
3 33 21 34 
3 22 34 21 
3 35 33 34 
3 36 34 22 
3 36 22 23 
3 36 23 24 
3 36 24 37 
3 38 34 36 
3 34 38 39 
3 34 39 35 
3 40 24 25 
3 41 25 26 
3 42 26 27 
3 26 42 43 
3 26 43 41 
3 25 41 44 
3 25 44 40 
3 36 37 45 
3 36 45 38 
3 46 45 37 
3 46 37 47 
3 24 40 47 
3 24 47 37 
3 48 47 40 
3 48 40 44 
3 46 47 48 
3 46 48 49 
3 49 48 50 
3 49 50 51 
3 52 50 48 
3 52 48 44 
3 41 43 52 
3 41 52 44 
3 53 39 38 
3 53 38 45 
3 54 53 45 
3 54 45 46 
3 55 54 46 
3 55 46 49 
3 56 55 49 
3 56 49 51 
3 57 58 39 
3 59 57 39 
3 59 39 53 
3 60 59 53 
3 60 53 54 
3 61 60 54 
3 61 54 55 
3 62 61 55 
3 62 55 56 
3 63 64 65 
3 63 65 58 
3 63 58 57 
3 63 57 66 
3 64 63 66 
3 64 66 67 
3 68 66 57 
3 68 57 59 
3 69 68 59 
3 69 59 60 
3 70 69 60 
3 70 60 61 
3 62 71 70 
3 62 70 61 
3 72 62 56 
3 73 71 74 
3 71 73 75 
3 71 75 70 
3 70 75 76 
3 70 76 69 
3 69 76 77 
3 69 77 68 
3 68 77 67 
3 68 67 66 
3 78 79 80 
3 78 80 81 
3 81 80 82 
3 81 82 83 
3 83 82 67 
3 83 67 77 
3 84 78 81 
3 85 78 84 
3 86 84 81 
3 86 81 83 
3 76 86 83 
3 76 83 77 
3 87 84 86 
3 87 86 76 
3 87 76 75 
3 73 87 75 
3 88 87 73 
3 88 73 74 
3 84 87 89 
3 90 89 87 
3 90 87 88 
3 91 42 27 
3 91 27 92 
3 43 42 91 
3 43 91 93 
3 92 27 94 
3 95 94 27 
3 95 27 28 
3 96 92 97 
3 98 97 92 
3 98 92 94 
3 99 98 94 
3 99 94 95 
3 91 92 100 
3 101 100 92 
3 101 92 96 
3 102 96 103 
3 104 103 96 
3 104 96 105 
3 105 96 97 
3 105 97 106 
3 107 106 97 
3 107 97 98 
3 107 98 99 
3 107 99 108 
3 109 102 103 
3 109 103 110 
3 111 109 110 
3 111 110 112 
3 113 111 112 
3 113 112 114 
3 114 112 115 
3 114 115 116 
3 110 115 112 
3 104 110 103 
3 117 116 115 
3 117 115 118 
3 118 115 110 
3 118 110 104 
3 119 117 118 
3 119 118 120 
3 120 118 104 
3 120 104 105 
3 120 105 106 
3 120 106 121 
3 119 120 121 
3 119 121 122 
3 121 123 124 
3 121 124 122 
3 123 121 106 
3 123 106 107 
3 107 108 125 
3 107 125 123 
3 123 125 126 
3 123 126 124 
3 126 125 127 
3 126 127 128 
3 127 125 108 
3 127 108 129 
3 127 129 4 
3 127 4 0 
3 128 127 0 
3 128 0 3 
3 130 101 96 
3 130 96 102 
3 131 130 102 
3 131 102 109 
3 109 111 132 
3 133 132 111 
3 133 111 113 
3 134 135 136 
3 137 136 135 
3 137 135 138 
3 139 136 140 
3 139 140 141 
3 139 141 130 
3 131 139 130 
3 130 141 142 
3 130 142 101 
3 101 142 143 
3 101 143 100 
3 100 143 93 
3 100 93 91 
3 52 43 93 
3 52 93 144 
3 144 93 143 
3 144 143 145 
3 145 143 146 
3 143 142 146 
3 146 142 141 
3 146 141 147 
3 147 141 140 
3 147 140 148 
3 148 140 136 
3 148 136 149 
3 149 136 137 
3 149 137 150 
3 147 151 146 
3 152 153 154 
3 155 146 152 
3 146 155 156 
3 146 156 145 
3 145 156 157 
3 145 157 144 
3 144 157 50 
3 144 50 52 
3 149 150 158 
3 149 158 159 
3 149 159 160 
3 149 160 148 
3 148 160 151 
3 148 151 147 
3 154 153 161 
3 154 161 162 
3 162 161 163 
3 162 163 164 
3 164 163 165 
3 164 165 166 
3 166 167 168 
3 166 168 164 
3 164 168 169 
3 164 169 162 
3 162 169 170 
3 162 170 154 
3 154 170 171 
3 154 171 152 
3 152 171 172 
3 152 172 155 
3 135 134 173 
3 135 173 138 
3 133 173 134 
3 133 134 132 
3 155 172 174 
3 155 174 156 
3 156 174 175 
3 156 175 176 
3 156 176 177 
3 156 177 157 
3 157 177 51 
3 157 51 50 
3 177 72 56 
3 177 56 51 
3 178 172 171 
3 178 171 179 
3 179 171 170 
3 179 170 180 
3 180 170 169 
3 180 169 181 
3 181 169 168 
3 181 168 182 
3 182 168 167 
3 182 167 183 
3 183 184 185 
3 183 185 182 
3 182 185 186 
3 182 186 181 
3 181 186 187 
3 181 187 180 
3 180 187 188 
3 180 188 179 
3 188 178 179 
3 178 189 172 
3 190 189 178 
3 190 178 188 
3 191 190 188 
3 191 188 187 
3 192 191 187 
3 192 187 186 
3 193 192 186 
3 193 186 185 
3 194 193 185 
3 194 185 184 
3 195 189 190 
3 196 195 190 
3 196 190 191 
3 197 196 191 
3 197 191 192 
3 198 197 192 
3 198 192 193 
3 199 198 193 
3 199 193 194 
3 200 198 199 
3 200 199 201 
3 198 200 202 
3 198 202 197 
3 196 197 202 
3 196 202 203 
3 203 195 196 
3 200 201 204 
3 200 204 205 
3 200 205 206 
3 200 206 202 
3 202 206 207 
3 202 207 203 
3 203 207 208 
3 203 208 195 
3 195 208 189 
3 209 189 208 
3 209 208 207 
3 209 207 210 
3 210 207 206 
3 210 206 211 
3 211 206 205 
3 211 205 212 
3 212 205 204 
3 212 204 213 
3 214 189 209 
3 215 189 214 
3 216 189 215 
3 175 189 216 
3 174 189 175 
3 172 189 174 
3 177 176 217 
3 177 217 72 
3 216 217 176 
3 216 176 175 
3 218 72 217 
3 217 216 215 
3 219 215 214 
3 219 214 220 
3 220 214 209 
3 220 209 221 
3 210 221 209 
3 221 210 222 
3 221 222 223 
3 224 222 210 
3 224 210 211 
3 225 224 211 
3 225 211 212 
3 226 225 212 
3 226 212 213 
3 221 223 227 
3 221 227 220 
3 220 227 228 
3 220 228 219 
3 219 228 229 
3 219 229 218 
3 218 229 72 
3 62 72 230 
3 231 230 72 
3 231 72 229 
3 231 229 232 
3 228 232 229 
3 233 232 228 
3 233 228 227 
3 234 233 227 
3 234 227 223 
3 235 234 223 
3 235 223 222 
3 236 235 222 
3 236 222 224 
3 237 236 224 
3 237 224 225 
3 226 237 225 
3 62 230 238 
3 62 238 71 
3 239 238 230 
3 239 230 231 
3 240 239 231 
3 240 231 232 
3 241 240 232 
3 241 232 242 
3 242 232 233 
3 242 233 243 
3 234 243 233 
3 244 242 243 
3 244 243 245 
3 246 245 243 
3 246 243 234 
3 244 241 242 
3 246 234 235 
3 246 235 247 
3 247 235 236 
3 247 236 248 
3 248 236 237 
3 248 237 249 
3 250 241 251 
3 250 251 252 
3 250 252 253 
3 254 250 253 
3 255 254 253 
3 255 253 256 
3 257 241 244 
3 256 253 252 
3 245 257 244 
3 258 257 245 
3 258 245 246 
3 259 258 246 
3 259 246 247 
3 257 258 260 
3 257 260 261 
3 251 241 257 
3 251 257 261 
3 262 250 254 
3 240 262 263 
3 240 263 239 
3 239 263 264 
3 239 264 238 
3 238 264 74 
3 238 74 71 
3 262 254 265 
3 262 265 266 
3 262 266 267 
3 262 267 263 
3 263 267 268 
3 263 268 264 
3 264 268 88 
3 264 88 74 
3 269 252 251 
3 269 251 261 
3 269 261 260 
3 269 260 270 
3 271 272 273 
3 269 272 256 
3 269 256 252 
3 272 271 274 
3 272 274 256 
3 255 256 274 
3 255 274 275 
3 276 274 271 
3 276 271 277 
3 277 271 273 
3 277 273 278 
3 278 273 279 
3 278 279 280 
3 278 280 281 
3 282 275 274 
3 282 274 276 
3 269 270 273 
3 269 273 272 
3 277 278 281 
3 277 281 283 
3 280 279 284 
3 280 284 285 
3 279 273 286 
3 279 286 284 
3 286 273 270 
3 286 270 287 
3 287 270 260 
3 287 260 288 
3 260 258 259 
3 260 259 288 
3 285 284 289 
3 285 289 290 
3 276 277 283 
3 276 283 291 
3 282 276 291 
3 282 291 292 
3 293 282 292 
3 293 292 294 
3 282 293 295 
3 282 295 275 
3 255 275 295 
3 255 295 296 
3 296 295 297 
3 296 297 298 
3 299 297 295 
3 299 295 293 
3 300 299 293 
3 300 293 294 
3 301 254 255 
3 301 255 296 
3 265 254 301 
3 302 301 296 
3 302 296 298 
3 303 265 301 
3 303 301 302 
3 303 302 304 
3 265 303 266 
3 305 299 300 
3 305 300 306 
3 299 305 307 
3 299 307 297 
3 297 307 308 
3 297 308 298 
3 298 308 309 
3 298 309 302 
3 306 310 311 
3 306 311 305 
3 305 311 312 
3 305 312 307 
3 307 312 313 
3 307 313 308 
3 308 313 314 
3 308 314 309 
3 310 315 316 
3 310 316 311 
3 311 316 317 
3 311 317 312 
3 312 317 318 
3 312 318 313 
3 319 316 315 
3 319 315 320 
3 319 321 317 
3 319 317 316 
3 322 321 319 
3 322 319 320 
3 322 320 323 
3 324 322 325 
3 324 325 326 
3 321 322 324 
3 325 322 323 
3 325 323 327 
3 328 325 327 
3 328 327 329 
3 330 328 329 
3 330 329 331 
3 328 332 326 
3 328 326 325 
3 328 333 332 
3 334 333 328 
3 334 328 330 
3 79 78 335 
3 85 335 78 
3 336 335 85 
3 337 336 85 
3 338 335 336 
3 338 336 339 
3 338 339 340 
3 341 339 336 
3 341 336 342 
3 342 336 337 
3 342 337 343 
3 342 343 344 
3 341 342 344 
3 341 344 345 
3 346 341 345 
3 347 339 341 
3 340 339 348 
3 340 348 349 
3 350 348 339 
3 350 339 347 
3 351 350 347 
3 351 347 352 
3 352 347 341 
3 352 341 346 
3 353 344 343 
3 353 343 354 
3 345 344 353 
3 345 353 355 
3 346 345 355 
3 346 355 356 
3 352 346 356 
3 352 356 357 
3 351 352 357 
3 351 357 358 
3 359 351 358 
3 359 358 360 
3 351 359 361 
3 351 361 350 
3 350 361 348 
3 348 361 349 
3 333 353 362 
3 333 362 332 
3 354 362 353 
3 362 354 363 
3 362 363 326 
3 362 326 332 
3 324 326 363 
3 355 353 333 
3 355 333 334 
3 356 355 334 
3 356 334 364 
3 364 334 330 
3 364 330 365 
3 365 330 331 
3 365 331 366 
3 357 356 364 
3 357 364 367 
3 358 357 367 
3 358 367 368 
3 360 358 368 
3 360 368 369 
3 370 361 359 
3 371 370 359 
3 371 359 360 
3 372 371 360 
3 372 360 369 
3 373 367 364 
3 373 364 365 
3 374 373 365 
3 374 365 366 
3 375 368 367 
3 375 367 373 
3 376 375 373 
3 376 373 374 
3 377 369 368 
3 377 368 375 
3 378 377 375 
3 378 375 376 
3 379 372 369 
3 379 369 377 
3 380 379 377 
3 380 377 378 
3 381 313 318 
3 304 302 309 
3 304 309 382 
3 314 383 382 
3 314 382 309 
3 313 381 384 
3 313 384 314 
3 314 384 383 
3 318 317 321 
3 318 321 385 
3 386 321 324 
3 318 385 387 
3 318 387 381 
3 381 387 384 
3 386 324 363 
3 386 363 388 
3 388 363 354 
3 388 354 389 
3 389 354 343 
3 389 343 390 
3 390 343 337 
3 390 337 391 
3 391 337 85 
3 391 85 392 
3 392 85 84 
3 393 383 384 
3 393 384 387 
3 394 393 387 
3 394 387 395 
3 396 397 398 
3 394 395 399 
3 394 399 400 
3 400 399 397 
3 400 397 396 
3 401 394 400 
3 401 400 396 
3 401 396 402 
3 402 396 398 
3 402 398 403 
3 403 398 404 
3 403 404 405 
3 406 394 401 
3 406 401 407 
3 407 401 402 
3 407 402 408 
3 408 402 403 
3 408 403 409 
3 409 403 405 
3 409 405 410 
3 411 410 405 
3 411 405 89 
3 405 404 84 
3 405 84 89 
3 411 89 90 
3 382 383 412 
3 413 383 393 
3 413 393 394 
3 413 394 406 
3 414 412 383 
3 382 412 304 
3 268 90 88 
3 90 268 415 
3 90 415 416 
3 417 415 268 
3 417 268 267 
3 418 417 267 
3 418 267 266 
3 419 418 266 
3 419 266 303 
3 412 419 303 
3 412 303 304 
3 420 411 90 
3 420 90 416 
3 421 410 411 
3 421 411 420 
3 410 421 422 
3 410 422 409 
3 409 422 423 
3 409 423 408 
3 408 423 424 
3 408 424 407 
3 407 424 425 
3 407 425 406 
3 413 406 425 
3 383 413 426 
3 383 426 414 
3 426 413 425 
3 426 425 427 
3 427 425 424 
3 427 424 428 
3 429 428 424 
3 429 424 423 
3 429 423 422 
3 429 422 430 
3 430 422 421 
3 430 421 431 
3 432 431 416 
3 432 416 415 
3 417 432 415 
3 433 432 417 
3 433 417 418 
3 434 433 418 
3 434 418 419 
3 412 414 434 
3 412 434 419 
3 431 421 420 
3 431 420 416 
3 435 33 35 
3 435 35 436 
3 435 436 437 
3 435 437 438 
3 438 437 439 
3 438 439 440 
3 440 439 441 
3 440 441 442 
3 441 439 437 
3 441 437 443 
3 444 443 437 
3 444 437 436 
3 445 444 436 
3 445 436 35 
3 446 447 441 
3 446 441 443 
3 448 446 443 
3 448 443 444 
3 449 448 444 
3 449 444 445 
3 447 442 441 
3 450 451 442 
3 450 442 447 
3 452 450 447 
3 452 447 446 
3 453 452 446 
3 453 446 448 
3 454 453 448 
3 454 448 449 
3 455 454 449 
3 451 456 455 
3 455 456 454 
3 454 456 453 
3 453 456 452 
3 452 456 450 
3 450 456 451 
3 457 440 458 
3 457 458 459 
3 457 459 460 
3 461 460 459 
3 461 459 462 
3 462 459 31 
3 462 31 30 
3 32 33 435 
3 32 435 463 
3 463 462 30 
3 463 30 32 
3 440 464 438 
3 435 438 464 
3 461 464 460 
3 435 464 463 
3 463 464 461 
3 463 461 462 
3 464 440 457 
3 464 457 460 
3 465 466 467 
3 465 467 468 
3 13 12 29 
3 13 29 20 
3 289 248 249 
3 289 249 290 
3 259 247 469 
3 259 469 470 
3 247 248 467 
3 247 467 469 
3 248 289 468 
3 248 468 467 
3 289 284 465 
3 289 465 468 
3 284 286 466 
3 284 466 465 
3 286 287 471 
3 286 471 466 
3 287 288 472 
3 287 472 471 
3 288 259 470 
3 288 470 472 
3 159 158 165 
3 159 165 163 
3 160 159 163 
3 160 163 161 
3 151 160 161 
3 151 161 153 
3 153 146 151 
3 262 240 241 
3 262 241 250 
3 153 152 146 
3 3 2 473 
3 3 473 474 
3 473 475 474 
3 476 477 478 
3 479 480 476 
3 479 476 478 
3 481 482 480 
3 481 480 479 
3 483 484 482 
3 483 482 481 
3 485 477 486 
3 477 485 487 
3 488 478 477 
3 488 477 487 
3 489 479 478 
3 489 478 488 
3 481 479 489 
3 481 489 490 
3 491 483 481 
3 491 481 490 
3 492 487 485 
3 492 485 493 
3 494 488 487 
3 494 487 492 
3 495 489 488 
3 495 488 494 
3 496 490 489 
3 496 489 495 
3 497 491 490 
3 497 490 496 
3 498 497 499 
3 491 497 498 
3 491 498 500 
3 485 486 501 
3 485 501 502 
3 493 485 502 
3 493 502 503 
3 504 493 503 
3 504 503 505 
3 493 504 492 
3 504 505 506 
3 492 504 507 
3 494 492 507 
3 495 494 507 
3 508 495 507 
3 507 504 509 
3 506 510 509 
3 506 509 504 
3 496 495 511 
3 497 496 512 
3 499 497 513 
3 512 514 513 
3 512 513 497 
3 511 515 512 
3 511 512 496 
3 509 516 508 
3 509 508 507 
3 517 508 516 
3 517 516 518 
3 508 517 511 
3 508 511 495 
3 515 511 517 
3 515 517 519 
3 520 519 517 
3 520 517 518 
3 521 522 519 
3 521 519 520 
3 515 519 522 
3 515 522 523 
3 515 523 514 
3 515 514 512 
3 516 509 510 
3 516 510 524 
3 518 516 524 
3 518 524 525 
3 520 518 525 
3 520 525 526 
3 521 520 526 
3 521 526 527 
3 510 528 529 
3 524 510 529 
3 524 529 530 
3 525 524 530 
3 525 530 531 
3 526 525 531 
3 526 531 532 
3 527 526 532 
3 527 532 533 
3 534 535 536 
3 528 534 536 
3 537 529 528 
3 537 528 536 
3 538 537 536 
3 538 536 535 
3 530 529 537 
3 530 537 539 
3 531 530 539 
3 531 539 540 
3 532 531 540 
3 532 540 541 
3 532 541 542 
3 532 542 533 
3 527 533 543 
3 544 542 545 
3 541 546 545 
3 541 545 542 
3 540 547 546 
3 540 546 541 
3 539 548 547 
3 539 547 540 
3 537 538 548 
3 537 548 539 
3 549 550 551 
3 549 551 552 
3 553 554 550 
3 553 550 549 
3 548 538 554 
3 548 554 553 
3 549 552 555 
3 555 552 556 
3 553 549 555 
3 553 555 557 
3 548 553 557 
3 548 557 547 
3 557 555 558 
3 546 547 557 
3 546 557 558 
3 546 558 545 
3 544 545 558 
3 544 558 559 
3 560 558 555 
3 559 558 560 
3 559 560 561 
3 562 499 513 
3 562 513 563 
3 564 563 513 
3 564 513 514 
3 565 499 562 
3 498 499 565 
3 498 565 566 
3 567 562 568 
3 565 562 567 
3 565 567 569 
3 566 565 569 
3 566 569 570 
3 571 562 563 
3 568 562 571 
3 568 571 572 
3 573 568 574 
3 575 568 573 
3 575 573 576 
3 577 567 568 
3 577 568 575 
3 569 567 577 
3 569 577 578 
3 579 570 569 
3 579 569 578 
3 580 573 574 
3 580 574 581 
3 582 580 581 
3 582 581 583 
3 114 582 583 
3 114 583 113 
3 116 584 582 
3 116 582 114 
3 582 584 580 
3 573 580 576 
3 585 584 116 
3 585 116 117 
3 576 580 584 
3 576 584 585 
3 586 585 117 
3 586 117 119 
3 575 576 585 
3 575 585 586 
3 587 577 575 
3 587 575 586 
3 122 587 586 
3 122 586 119 
3 122 124 588 
3 122 588 587 
3 578 577 587 
3 578 587 588 
3 588 589 579 
3 588 579 578 
3 124 126 589 
3 124 589 588 
3 128 590 589 
3 128 589 126 
3 591 579 589 
3 591 589 590 
3 474 475 591 
3 474 591 590 
3 3 474 590 
3 3 590 128 
3 574 568 572 
3 574 572 592 
3 581 574 592 
3 581 592 593 
3 581 593 594 
3 113 583 595 
3 113 595 133 
3 594 593 596 
3 138 597 598 
3 138 598 137 
3 599 598 596 
3 592 600 599 
3 592 599 596 
3 592 596 593 
3 572 601 600 
3 572 600 592 
3 571 602 601 
3 571 601 572 
3 563 564 602 
3 563 602 571 
3 603 564 514 
3 603 514 523 
3 604 602 564 
3 604 564 603 
3 605 602 604 
3 605 601 602 
3 606 600 601 
3 606 601 605 
3 607 599 600 
3 607 600 606 
3 608 598 599 
3 608 599 607 
3 150 137 598 
3 150 598 608 
3 605 609 606 
3 610 611 612 
3 612 605 613 
3 604 614 613 
3 604 613 605 
3 603 615 614 
3 603 614 604 
3 523 522 615 
3 523 615 603 
3 616 158 150 
3 616 150 608 
3 607 617 616 
3 607 616 608 
3 606 609 617 
3 606 617 607 
3 618 619 611 
3 618 611 610 
3 620 621 619 
3 620 619 618 
3 166 165 621 
3 166 621 620 
3 620 622 167 
3 620 167 166 
3 618 623 622 
3 618 622 620 
3 610 624 623 
3 610 623 618 
3 612 625 624 
3 612 624 610 
3 613 626 625 
3 613 625 612 
3 138 173 594 
3 138 594 597 
3 595 594 173 
3 595 173 133 
3 614 627 626 
3 614 626 613 
3 628 629 627 
3 628 627 614 
3 615 630 628 
3 615 628 614 
3 522 521 630 
3 522 630 615 
3 521 527 543 
3 521 543 630 
3 631 625 626 
3 631 626 632 
3 633 624 625 
3 633 625 631 
3 634 623 624 
3 634 624 633 
3 635 622 623 
3 635 623 634 
3 183 167 622 
3 183 622 635 
3 635 636 184 
3 635 184 183 
3 634 637 636 
3 634 636 635 
3 633 638 637 
3 633 637 634 
3 631 639 638 
3 631 638 633 
3 631 632 639 
3 626 640 632 
3 639 632 640 
3 639 640 641 
3 638 639 641 
3 638 641 642 
3 637 638 642 
3 637 642 643 
3 636 637 643 
3 636 643 644 
3 184 636 644 
3 184 644 194 
3 641 640 645 
3 642 641 645 
3 642 645 646 
3 643 642 646 
3 643 646 647 
3 644 643 647 
3 644 647 648 
3 194 644 648 
3 194 648 199 
3 201 199 648 
3 201 648 649 
3 647 650 649 
3 647 649 648 
3 651 650 647 
3 651 647 646 
3 646 645 651 
3 652 204 201 
3 652 201 649 
3 650 653 652 
3 650 652 649 
3 651 654 653 
3 651 653 650 
3 645 655 654 
3 645 654 651 
3 640 655 645 
3 655 640 656 
3 657 654 655 
3 657 655 656 
3 658 653 654 
3 658 654 657 
3 659 652 653 
3 659 653 658 
3 213 204 652 
3 213 652 659 
3 656 640 660 
3 660 640 661 
3 661 640 662 
3 662 640 629 
3 629 640 627 
3 627 640 626 
3 543 663 628 
3 543 628 630 
3 629 628 663 
3 629 663 662 
3 663 543 664 
3 663 664 665 
3 666 660 661 
3 666 661 665 
3 667 656 660 
3 667 660 666 
3 656 667 657 
3 668 669 657 
3 668 657 667 
3 658 657 669 
3 658 669 670 
3 659 658 670 
3 659 670 671 
3 213 659 671 
3 213 671 226 
3 666 672 668 
3 666 668 667 
3 665 673 672 
3 665 672 666 
3 664 674 673 
3 664 673 665 
3 543 674 664 
3 675 543 533 
3 674 543 675 
3 674 675 676 
3 677 674 676 
3 674 677 673 
3 672 673 677 
3 672 677 678 
3 668 672 678 
3 668 678 679 
3 669 668 679 
3 669 679 680 
3 670 669 680 
3 670 680 681 
3 671 670 681 
3 671 681 237 
3 671 237 226 
3 542 682 675 
3 542 675 533 
3 676 675 682 
3 676 682 683 
3 677 676 683 
3 677 683 684 
3 685 677 684 
3 685 684 686 
3 687 678 677 
3 687 677 685 
3 678 687 679 
3 688 687 685 
3 688 685 689 
3 679 687 688 
3 679 688 690 
3 685 686 689 
3 691 680 679 
3 691 679 690 
3 692 681 680 
3 692 680 691 
3 249 237 681 
3 249 681 692 
3 693 686 694 
3 695 696 693 
3 695 693 694 
3 695 694 697 
3 695 697 698 
3 699 695 698 
3 689 686 700 
3 696 695 699 
3 689 700 688 
3 690 688 700 
3 690 700 701 
3 691 690 701 
3 691 701 702 
3 703 704 701 
3 703 701 700 
3 703 700 686 
3 703 686 693 
3 697 694 705 
3 683 706 705 
3 683 705 684 
3 682 707 706 
3 682 706 683 
3 542 544 707 
3 542 707 682 
3 708 709 697 
3 708 697 705 
3 706 710 708 
3 706 708 705 
3 707 711 710 
3 707 710 706 
3 544 559 711 
3 544 711 707 
3 703 693 696 
3 703 696 712 
3 713 704 703 
3 713 703 712 
3 714 715 716 
3 696 699 715 
3 696 715 712 
3 699 717 716 
3 699 716 715 
3 718 717 699 
3 718 699 698 
3 719 716 717 
3 719 717 720 
3 721 714 716 
3 721 716 719 
3 722 714 721 
3 281 280 722 
3 281 722 721 
3 720 717 718 
3 720 718 723 
3 715 714 713 
3 715 713 712 
3 283 281 721 
3 283 721 719 
3 285 724 722 
3 285 722 280 
3 724 725 714 
3 724 714 722 
3 726 713 714 
3 726 714 725 
3 727 704 713 
3 727 713 726 
3 727 702 701 
3 727 701 704 
3 290 728 724 
3 290 724 285 
3 291 283 719 
3 291 719 720 
3 292 291 720 
3 292 720 723 
3 294 292 723 
3 294 723 729 
3 718 730 729 
3 718 729 723 
3 731 730 718 
3 731 718 698 
3 732 733 730 
3 732 730 731 
3 729 730 733 
3 729 733 734 
3 294 729 734 
3 294 734 300 
3 731 698 697 
3 731 697 735 
3 735 697 709 
3 732 731 735 
3 732 735 736 
3 735 709 737 
3 738 736 735 
3 738 735 737 
3 708 737 709 
3 306 300 734 
3 306 734 739 
3 733 740 739 
3 733 739 734 
3 732 741 740 
3 732 740 733 
3 736 742 741 
3 736 741 732 
3 739 743 310 
3 739 310 306 
3 740 744 743 
3 740 743 739 
3 741 745 744 
3 741 744 740 
3 742 746 745 
3 742 745 741 
3 743 747 315 
3 743 315 310 
3 744 748 747 
3 744 747 743 
3 745 749 748 
3 745 748 744 
3 320 315 747 
3 320 747 750 
3 747 748 751 
3 747 751 750 
3 750 751 752 
3 323 320 750 
3 323 750 752 
3 753 754 752 
3 753 752 755 
3 755 752 751 
3 327 323 752 
3 327 752 754 
3 329 327 754 
3 329 754 756 
3 331 329 756 
3 331 756 757 
3 754 753 758 
3 754 758 756 
3 758 759 756 
3 757 756 759 
3 757 759 760 
3 761 552 551 
3 552 761 556 
3 556 761 762 
3 556 762 763 
3 762 761 764 
3 765 766 762 
3 765 762 764 
3 767 762 766 
3 767 766 768 
3 763 762 767 
3 769 770 763 
3 769 763 767 
3 771 769 767 
3 771 767 768 
3 771 768 772 
3 768 766 773 
3 774 775 766 
3 774 766 765 
3 773 766 775 
3 773 775 776 
3 777 773 776 
3 777 776 778 
3 772 768 773 
3 772 773 777 
3 779 770 769 
3 779 769 780 
3 781 780 769 
3 781 769 771 
3 782 781 771 
3 782 771 772 
3 783 782 772 
3 783 772 777 
3 784 783 777 
3 784 777 778 
3 785 784 778 
3 785 778 786 
3 776 787 786 
3 776 786 778 
3 775 787 776 
3 774 787 775 
3 758 788 780 
3 758 780 759 
3 780 788 779 
3 789 779 788 
3 758 753 789 
3 758 789 788 
3 789 753 755 
3 760 759 780 
3 760 780 781 
3 790 760 781 
3 790 781 782 
3 791 757 760 
3 791 760 790 
3 366 331 757 
3 366 757 791 
3 792 790 782 
3 792 782 783 
3 793 792 783 
3 793 783 784 
3 794 793 784 
3 794 784 785 
3 786 787 795 
3 785 786 795 
3 785 795 796 
3 794 785 796 
3 794 796 797 
3 791 790 792 
3 791 792 798 
3 366 791 798 
3 366 798 374 
3 798 792 793 
3 798 793 799 
3 374 798 799 
3 374 799 376 
3 799 793 794 
3 799 794 800 
3 376 799 800 
3 376 800 378 
3 800 794 797 
3 800 797 801 
3 378 800 801 
3 378 801 380 
3 749 745 802 
3 803 742 736 
3 803 736 738 
3 742 803 804 
3 742 804 746 
3 746 805 802 
3 746 802 745 
3 804 805 746 
3 806 751 748 
3 806 748 749 
3 755 751 807 
3 802 808 806 
3 802 806 749 
3 805 808 802 
3 809 789 755 
3 809 755 807 
3 810 779 789 
3 810 789 809 
3 811 770 779 
3 811 779 810 
3 812 763 770 
3 812 770 811 
3 813 556 763 
3 813 763 812 
3 555 556 813 
3 808 805 804 
3 808 804 814 
3 808 814 815 
3 816 808 815 
3 817 818 819 
3 820 821 816 
3 820 816 815 
3 819 818 821 
3 819 821 820 
3 820 815 822 
3 823 819 820 
3 823 820 822 
3 824 817 819 
3 824 819 823 
3 825 826 817 
3 825 817 824 
3 827 822 815 
3 827 815 828 
3 829 823 822 
3 829 822 827 
3 830 824 823 
3 830 823 829 
3 831 825 824 
3 831 824 830 
3 560 825 831 
3 560 831 832 
3 560 555 826 
3 560 826 825 
3 561 560 832 
3 833 804 803 
3 814 804 834 
3 828 815 814 
3 828 814 834 
3 804 833 835 
3 738 833 803 
3 559 561 711 
3 836 837 711 
3 836 711 561 
3 710 711 837 
3 710 837 838 
3 708 710 838 
3 708 838 839 
3 737 708 839 
3 737 839 840 
3 738 737 840 
3 738 840 833 
3 836 561 832 
3 836 832 841 
3 841 832 831 
3 841 831 842 
3 830 843 842 
3 830 842 831 
3 829 844 843 
3 829 843 830 
3 827 845 844 
3 827 844 829 
3 828 846 845 
3 828 845 827 
3 846 828 834 
3 835 847 834 
3 835 834 804 
3 848 846 834 
3 848 834 847 
3 849 845 846 
3 849 846 848 
3 844 845 849 
3 844 849 850 
3 851 843 844 
3 851 844 850 
3 852 842 843 
3 852 843 851 
3 837 836 852 
3 837 852 853 
3 837 853 838 
3 839 838 853 
3 839 853 854 
3 840 839 854 
3 840 854 855 
3 840 855 835 
3 840 835 833 
3 841 842 852 
3 836 841 852 
3 856 506 505 
3 856 505 857 
3 858 859 856 
3 858 856 857 
3 860 861 859 
3 860 859 858 
3 862 863 861 
3 862 861 860 
3 864 859 861 
3 864 861 863 
3 856 859 864 
3 856 864 865 
3 506 856 865 
3 506 865 866 
3 864 863 867 
3 864 867 868 
3 865 864 868 
3 865 868 869 
3 866 865 869 
3 866 869 870 
3 863 862 867 
3 867 862 871 
3 867 871 872 
3 868 867 872 
3 868 872 873 
3 869 868 873 
3 869 873 874 
3 870 869 874 
3 870 874 875 
3 870 875 876 
3 876 877 871 
3 875 877 876 
3 874 877 875 
3 873 877 874 
3 872 877 873 
3 871 877 872 
3 878 860 879 
3 880 881 878 
3 880 878 879 
3 882 881 880 
3 882 880 883 
3 502 501 881 
3 502 881 882 
3 884 857 505 
3 884 505 503 
3 503 502 882 
3 503 882 884 
3 858 885 860 
3 885 858 857 
3 880 885 883 
3 884 885 857 
3 882 883 885 
3 882 885 884 
3 880 879 860 
3 880 860 885 
3 886 887 888 
3 886 888 889 
3 491 500 484 
3 491 484 483 
3 290 249 692 
3 290 692 728 
3 889 888 691 
3 889 691 702 
3 888 890 692 
3 888 692 691 
3 890 891 728 
3 890 728 692 
3 891 892 724 
3 891 724 728 
3 892 893 725 
3 892 725 724 
3 893 887 726 
3 893 726 725 
3 887 886 727 
3 887 727 726 
3 886 889 702 
3 886 702 727 
3 621 165 158 
3 621 158 616 
3 619 621 616 
3 619 616 617 
3 611 619 617 
3 611 617 609 
3 609 605 611 
3 694 686 684 
3 694 684 705 
3 605 612 611 
3 131 109 132 
3 131 132 134 
3 131 134 136 
3 131 136 139 
3 218 217 215 
3 218 215 219 
3 472 470 466 
3 472 466 471 
3 469 467 466 
3 469 466 470 
3 583 581 594 
3 583 594 595 
3 597 594 596 
3 597 596 598 
3 662 663 665 
3 662 665 661 
3 892 891 887 
3 892 887 893 
3 890 888 887 
3 890 887 891 
3 894 895 896 
3 894 896 897 
3 897 896 898 
3 897 898 899 
3 899 898 900 
3 899 900 901 
3 901 900 902 
3 901 902 903 
3 903 902 904 
3 903 904 905 
3 905 904 906 
3 905 906 907 
3 907 906 908 
3 907 908 909 
3 909 908 910 
3 909 910 911 
3 908 912 913 
3 908 913 910 
3 906 914 912 
3 906 912 908 
3 904 915 914 
3 904 914 906 
3 902 916 915 
3 902 915 904 
3 900 917 916 
3 900 916 902 
3 898 918 917 
3 898 917 900 
3 896 919 918 
3 896 918 898 
3 895 919 896 
3 894 897 920 
3 894 920 921 
3 921 920 922 
3 921 922 923 
3 923 922 924 
3 923 924 925 
3 925 924 926 
3 926 924 927 
3 926 927 928 
3 924 922 929 
3 924 929 930 
3 924 930 927 
3 922 920 931 
3 922 931 932 
3 922 932 929 
3 920 897 899 
3 920 899 931 
3 931 899 901 
3 931 901 933 
3 931 933 934 
3 928 927 935 
3 928 935 936 
3 928 936 937 
3 930 935 927 
3 930 938 939 
3 930 939 935 
3 935 940 936 
3 939 941 940 
3 939 940 935 
3 932 931 934 
3 934 933 942 
3 943 932 934 
3 943 934 944 
3 944 934 942 
3 944 942 945 
3 946 939 938 
3 946 941 939 
3 947 943 944 
3 947 944 945 
3 930 929 948 
3 930 948 938 
3 929 932 943 
3 929 943 948 
3 946 938 948 
3 946 948 949 
3 949 948 943 
3 949 943 947 
3 946 950 951 
3 946 951 941 
3 950 947 945 
3 950 945 951 
3 945 942 952 
3 945 952 951 
3 951 952 940 
3 951 940 941 
3 946 949 947 
3 946 947 950 
3 937 936 953 
3 937 953 954 
3 936 940 952 
3 936 952 955 
3 936 955 953 
3 952 942 933 
3 952 933 956 
3 952 956 955 
3 933 901 903 
3 933 903 956 
3 956 903 905 
3 956 905 957 
3 957 905 907 
3 957 907 958 
3 958 907 909 
3 958 909 959 
3 959 909 911 
3 959 911 960 
3 960 961 962 
3 960 962 959 
3 959 962 963 
3 959 963 958 
3 958 963 964 
3 958 964 957 
3 957 964 955 
3 957 955 956 
3 955 964 965 
3 955 965 953 
3 953 965 966 
3 953 966 954 
3 966 965 967 
3 966 967 968 
3 968 967 969 
3 968 969 970 
3 970 969 971 
3 970 971 972 
3 969 962 961 
3 969 961 971 
3 967 963 962 
3 967 962 969 
3 965 964 963 
3 965 963 967 
3 973 895 894 
3 973 894 974 
3 974 894 975 
3 975 976 974 
3 974 976 977 
3 974 977 978 
3 974 978 973 
3 973 978 979 
3 979 980 973 
3 973 980 895 
3 977 976 981 
3 977 981 982 
3 983 982 981 
3 983 981 984 
3 983 984 985 
3 986 985 984 
3 986 984 987 
3 987 988 989 
3 987 989 986 
3 981 976 990 
3 990 991 984 
3 990 984 981 
3 992 987 984 
3 992 984 991 
3 993 988 987 
3 993 987 992 
3 894 921 994 
3 894 994 995 
3 995 996 975 
3 995 975 894 
3 975 996 997 
3 975 997 976 
3 994 921 923 
3 994 923 998 
3 998 923 925 
3 998 925 999 
3 928 937 1000 
3 928 1000 1001 
3 937 954 1002 
3 937 1002 1000 
3 954 966 1003 
3 954 1003 1002 
3 966 968 1004 
3 966 1004 1003 
3 968 970 1005 
3 968 1005 1004 
3 970 972 1006 
3 970 1006 1005 
3 999 925 926 
3 999 926 1007 
3 1007 926 928 
3 1007 928 1001 
3 1008 989 988 
3 1008 988 1009 
3 1009 988 993 
3 1009 993 1010 
3 1011 1008 1009 
3 1011 1009 1012 
3 1012 1009 1010 
3 1012 1010 1013 
3 1013 1014 1015 
3 1013 1015 1012 
3 1015 1016 1011 
3 1015 1011 1012 
3 1017 1018 1015 
3 1017 1015 1014 
3 1018 1019 1016 
3 1018 1016 1015 
3 1018 1020 1021 
3 1018 1021 1019 
3 1022 1020 1018 
3 1022 1018 1017 
3 1022 1017 1023 
3 1022 1023 1024 
3 1017 1014 1025 
3 1017 1025 1023 
3 1014 1013 1026 
3 1014 1026 1025 
3 1010 993 1027 
3 1010 1027 1028 
3 993 992 1029 
3 993 1029 1027 
3 992 991 1030 
3 992 1030 1029 
3 1026 1013 1010 
3 1026 1010 1028 
3 1024 1023 1031 
3 1024 1031 1032 
3 1023 1025 1033 
3 1023 1033 1031 
3 1025 1026 1034 
3 1025 1034 1033 
3 1026 1028 1035 
3 1026 1035 1034 
3 1028 1027 1036 
3 1028 1036 1035 
3 1031 1033 1037 
3 1037 1033 1038 
3 1037 1038 1039 
3 1038 1033 1034 
3 1038 1034 1040 
3 1040 1034 1035 
3 1040 1035 1041 
3 1041 1035 1036 
3 1041 1036 1042 
3 1027 1029 1043 
3 1027 1043 1036 
3 1029 1030 1044 
3 1029 1044 1043 
3 1036 1043 1045 
3 1036 1045 1042 
3 1043 1044 1046 
3 1043 1046 1045 
3 990 976 997 
3 990 997 1047 
3 990 1047 1030 
3 990 1030 991 
3 997 996 1048 
3 997 1048 1049 
3 996 995 1050 
3 996 1050 1048 
3 1050 995 994 
3 1050 994 998 
3 1050 998 1051 
3 1051 998 999 
3 1051 999 1052 
3 1052 999 1007 
3 1052 1007 1053 
3 1007 1001 1054 
3 1007 1054 1053 
3 1001 1000 1055 
3 1001 1055 1054 
3 1000 1002 1056 
3 1000 1056 1055 
3 1002 1003 1057 
3 1002 1057 1056 
3 1003 1004 1058 
3 1003 1058 1057 
3 1004 1005 1059 
3 1004 1059 1058 
3 1005 1006 1060 
3 1005 1060 1059 
3 1053 1054 1061 
3 1053 1061 1062 
3 1062 1063 1064 
3 1062 1064 1065 
3 1062 1065 1053 
3 1054 1055 1066 
3 1054 1066 1061 
3 1055 1056 1067 
3 1055 1067 1066 
3 1056 1057 1068 
3 1056 1068 1067 
3 1057 1058 1069 
3 1057 1069 1068 
3 1058 1059 1070 
3 1058 1070 1069 
3 1070 1059 1060 
3 1070 1060 1071 
3 1047 997 1049 
3 1047 1049 1072 
3 1030 1047 1072 
3 1030 1072 1044 
3 1044 1072 1073 
3 1044 1073 1074 
3 1044 1074 1075 
3 1044 1075 1046 
3 1049 1048 1072 
3 1072 1048 1076 
3 1072 1076 1073 
3 1048 1050 1051 
3 1048 1051 1052 
3 1048 1052 1077 
3 1048 1077 1076 
3 1065 1077 1052 
3 1065 1052 1053 
3 1074 1064 1063 
3 1074 1063 1075 
3 1038 1040 1078 
3 1040 1041 1079 
3 1040 1079 1078 
3 1079 1041 1042 
3 1079 1042 1080 
3 1080 1042 1045 
3 1080 1045 1081 
3 1078 1079 1082 
3 1078 1082 1083 
3 1079 1080 1082 
3 1080 1081 1084 
3 1080 1084 1082 
3 1045 1046 1085 
3 1045 1085 1081 
3 1085 1046 1075 
3 1085 1075 1086 
3 1086 1075 1063 
3 1086 1063 1087 
3 1087 1063 1062 
3 1087 1062 1088 
3 1081 1085 1089 
3 1081 1089 1084 
3 1089 1085 1086 
3 1089 1086 1090 
3 1090 1086 1087 
3 1090 1087 1091 
3 1091 1087 1092 
3 1087 1088 1092 
3 1092 1093 1091 
3 1091 1093 1094 
3 1091 1094 1090 
3 1090 1094 1095 
3 1090 1095 1089 
3 1089 1095 1096 
3 1089 1096 1084 
3 1084 1096 1082 
3 1088 1062 1061 
3 1088 1061 1097 
3 1097 1061 1066 
3 1097 1066 1098 
3 1098 1066 1067 
3 1098 1067 1099 
3 1099 1067 1068 
3 1099 1068 1100 
3 1100 1068 1069 
3 1100 1069 1101 
3 1101 1069 1070 
3 1101 1070 1102 
3 1102 1070 1071 
3 1102 1071 1103 
3 1088 1097 1104 
3 1088 1104 1092 
3 1097 1098 1104 
3 1098 1099 1105 
3 1098 1105 1104 
3 1099 1100 1105 
3 1100 1101 1106 
3 1100 1106 1105 
3 1101 1102 1107 
3 1101 1107 1106 
3 1102 1103 1107 
3 916 1108 915 
3 1109 1110 1111 
3 1109 1111 1112 
3 915 1112 1113 
3 1112 1111 1114 
3 1112 1114 1113 
3 915 1113 1115 
3 915 1115 914 
3 1113 1114 1116 
3 1113 1116 1115 
3 914 1115 1117 
3 914 1117 912 
3 912 1117 1118 
3 912 1118 913 
3 1118 1117 1119 
3 1118 1119 1120 
3 1115 1116 1119 
3 1115 1119 1117 
3 1093 1092 1121 
3 1093 1121 1122 
3 1094 1093 1122 
3 1094 1122 1123 
3 1095 1094 1123 
3 1095 1123 1124 
3 1096 1095 1124 
3 1096 1124 1125 
3 1082 1096 1125 
3 1082 1125 1126 
3 1083 1082 1126 
3 1125 1124 1127 
3 1125 1127 1128 
3 1124 1123 1129 
3 1124 1129 1127 
3 1123 1122 1130 
3 1123 1130 1129 
3 1122 1121 1131 
3 1122 1131 1130 
3 1092 1104 1132 
3 1092 1132 1121 
3 1104 1105 1133 
3 1104 1133 1132 
3 1105 1106 1134 
3 1105 1134 1133 
3 1106 1107 1135 
3 1106 1135 1134 
3 1107 1103 1136 
3 1107 1136 1135 
3 1135 1136 1137 
3 1135 1137 1138 
3 1135 1138 1139 
3 1135 1139 1134 
3 1134 1139 1140 
3 1134 1140 1133 
3 1133 1140 1141 
3 1133 1141 1132 
3 1132 1141 1131 
3 1132 1131 1121 
3 1021 1020 1142 
3 1021 1142 1143 
3 1142 1020 1022 
3 1142 1022 1144 
3 1144 1022 1024 
3 1144 1024 1145 
3 1146 1145 1024 
3 1146 1024 1032 
3 1147 1143 1142 
3 1142 1144 1148 
3 1142 1148 1147 
3 1147 1148 1149 
3 1147 1149 1150 
3 1150 1149 1151 
3 1150 1151 1152 
3 1151 1149 1153 
3 1151 1153 1154 
3 1149 1148 1155 
3 1149 1155 1153 
3 1148 1144 1145 
3 1148 1145 1155 
3 1154 1153 1156 
3 1154 1156 1157 
3 1156 1153 1155 
3 1156 1155 1158 
3 1158 1155 1145 
3 1158 1145 1146 
3 1031 1037 1159 
3 1031 1159 1032 
3 1032 1159 1160 
3 1032 1160 1146 
3 1146 1160 1161 
3 1146 1161 1158 
3 1158 1161 1162 
3 1158 1162 1156 
3 1156 1162 1163 
3 1156 1163 1157 
3 1037 1039 1159 
3 1159 1039 1164 
3 1159 1164 1165 
3 1165 1164 1083 
3 1165 1083 1166 
3 1039 1038 1078 
3 1039 1078 1164 
3 1159 1165 1167 
3 1159 1167 1168 
3 1165 1166 1167 
3 1159 1168 1169 
3 1159 1169 1160 
3 1160 1169 1170 
3 1160 1170 1161 
3 1161 1170 1171 
3 1161 1171 1162 
3 1162 1171 1172 
3 1162 1172 1163 
3 1172 1171 1173 
3 1172 1173 1174 
3 1171 1170 1175 
3 1171 1175 1173 
3 1170 1169 1176 
3 1170 1176 1175 
3 1169 1168 1177 
3 1169 1177 1176 
3 1168 1167 1177 
3 1083 1126 1178 
3 1083 1178 1166 
3 1126 1125 1128 
3 1126 1128 1178 
3 1178 1167 1166 
3 1178 1128 1179 
3 1178 1179 1167 
3 1128 1127 1180 
3 1128 1180 1179 
3 1129 1181 1180 
3 1129 1180 1127 
3 1129 1130 1182 
3 1129 1182 1181 
3 1130 1131 1183 
3 1130 1183 1182 
3 1131 1141 1184 
3 1131 1184 1183 
3 1141 1140 1185 
3 1141 1185 1184 
3 1140 1139 1186 
3 1140 1186 1185 
3 1138 1187 1186 
3 1138 1186 1139 
3 1138 1137 1188 
3 1138 1188 1187 
3 1174 1173 1189 
3 1174 1189 1190 
3 1173 1175 1191 
3 1173 1191 1189 
3 1175 1176 1192 
3 1175 1192 1191 
3 1176 1177 1193 
3 1176 1193 1192 
3 1177 1167 1179 
3 1177 1179 1193 
3 1190 1189 1194 
3 1190 1194 1195 
3 1189 1191 1196 
3 1189 1196 1194 
3 1191 1192 1197 
3 1191 1197 1196 
3 1192 1198 1197 
3 1192 1193 1199 
3 1192 1199 1198 
3 1193 1179 1180 
3 1193 1180 1199 
3 1195 1194 1200 
3 1195 1200 1201 
3 1194 1196 1202 
3 1194 1202 1200 
3 1196 1197 1203 
3 1196 1203 1202 
3 1197 1198 1204 
3 1197 1204 1203 
3 1198 1199 1205 
3 1198 1205 1204 
3 1201 1200 1206 
3 1201 1206 1207 
3 1200 1202 1208 
3 1200 1208 1206 
3 1202 1203 1209 
3 1202 1209 1208 
3 1203 1204 1210 
3 1203 1210 1209 
3 1204 1211 1210 
3 1204 1205 1212 
3 1204 1212 1211 
3 1207 1206 1213 
3 1207 1213 1214 
3 1206 1208 1215 
3 1206 1215 1213 
3 1208 1209 1216 
3 1208 1216 1215 
3 1209 1210 1217 
3 1209 1217 1216 
3 1210 1211 1218 
3 1210 1218 1217 
3 1211 1212 1219 
3 1211 1219 1218 
3 1214 1213 1220 
3 1214 1220 1221 
3 1213 1215 1222 
3 1213 1222 1220 
3 1215 1216 1223 
3 1215 1223 1222 
3 1216 1217 1224 
3 1216 1224 1223 
3 1217 1218 1225 
3 1217 1225 1224 
3 1218 1219 1226 
3 1218 1226 1225 
3 1221 1220 1227 
3 1221 1227 1228 
3 1220 1222 1229 
3 1220 1229 1227 
3 1222 1223 1230 
3 1222 1230 1229 
3 1223 1224 1231 
3 1223 1231 1230 
3 1224 1225 1232 
3 1224 1232 1231 
3 1225 1226 1233 
3 1225 1233 1232 
3 1228 1227 1234 
3 1228 1234 1235 
3 1235 1234 1236 
3 1235 1236 1237 
3 1237 1236 1238 
3 1237 1238 1239 
3 1227 1229 1240 
3 1227 1240 1234 
3 1234 1240 1241 
3 1234 1241 1236 
3 1236 1241 1242 
3 1236 1242 1238 
3 1229 1230 1243 
3 1229 1243 1240 
3 1240 1243 1244 
3 1240 1244 1241 
3 1241 1244 1245 
3 1241 1245 1242 
3 1230 1231 1246 
3 1230 1246 1243 
3 1243 1246 1247 
3 1243 1247 1244 
3 1244 1247 1248 
3 1244 1248 1245 
3 1231 1232 1249 
3 1231 1249 1246 
3 1246 1249 1250 
3 1246 1250 1247 
3 1247 1250 1251 
3 1247 1251 1248 
3 1232 1233 1252 
3 1232 1252 1249 
3 1249 1252 1253 
3 1249 1253 1250 
3 1250 1253 1254 
3 1250 1254 1251 
3 1199 1180 1181 
3 1199 1181 1205 
3 1205 1181 1182 
3 1205 1182 1212 
3 1212 1182 1183 
3 1212 1183 1219 
3 1219 1183 1184 
3 1219 1184 1226 
3 1226 1184 1185 
3 1226 1185 1233 
3 1233 1185 1186 
3 1233 1186 1252 
3 1252 1186 1187 
3 1252 1187 1253 
3 1253 1187 1188 
3 1253 1188 1254 
3 1164 1078 1083 
3 1108 1109 1112 
3 1108 1112 915 
3 1255 1256 1257 
3 1255 1257 1258 
3 1255 1258 1259 
3 1255 1259 1260 
3 1255 1260 1261 
3 1255 1261 1262 
3 1255 1262 1263 
3 1120 1261 1264 
3 1120 1264 1118 
3 1118 1264 1265 
3 1118 1265 913 
3 913 1265 1266 
3 913 1266 910 
3 910 1266 1267 
3 910 1267 911 
3 911 1267 1268 
3 911 1268 960 
3 960 1268 1269 
3 960 1269 961 
3 961 1269 1270 
3 961 1270 971 
3 971 1270 1271 
3 971 1271 972 
3 972 1271 1272 
3 972 1272 1006 
3 1006 1272 1273 
3 1006 1273 1060 
3 1060 1273 1274 
3 1060 1274 1071 
3 1071 1274 1275 
3 1071 1275 1103 
3 1103 1275 1276 
3 1103 1276 1136 
3 1136 1276 1277 
3 1136 1277 1137 
3 1137 1277 1278 
3 1137 1278 1188 
3 1188 1278 1279 
3 1188 1279 1254 
3 1254 1279 1260 
3 1254 1260 1251 
3 1251 1260 1259 
3 1251 1259 1248 
3 1248 1259 1258 
3 1248 1258 1245 
3 1245 1258 1257 
3 1245 1257 1242 
3 1242 1257 1256 
3 1242 1256 1238 
3 1238 1256 1255 
3 1238 1255 1239 
3 1279 1278 1277 
3 1279 1277 1276 
3 1279 1276 1275 
3 1279 1275 1274 
3 1279 1274 1273 
3 1260 1279 1273 
3 1260 1273 1272 
3 1260 1272 1271 
3 1260 1271 1270 
3 1260 1270 1269 
3 1260 1269 1268 
3 1260 1268 1267 
3 1260 1267 1266 
3 1260 1266 1265 
3 1260 1265 1264 
3 1260 1264 1261 
3 1280 1281 1282 
3 1280 1282 1283 
3 1284 1285 1281 
3 1284 1281 1280 
3 1286 1287 1285 
3 1286 1285 1284 
3 1288 1289 1287 
3 1288 1287 1286 
3 1290 1291 1289 
3 1290 1289 1288 
3 1292 1293 1291 
3 1292 1291 1290 
3 1294 1295 1293 
3 1294 1293 1292 
3 1296 1297 1295 
3 1296 1295 1294 
3 1297 1298 1299 
3 1297 1299 1295 
3 1295 1299 1300 
3 1295 1300 1293 
3 1293 1300 1301 
3 1293 1301 1291 
3 1291 1301 1302 
3 1291 1302 1289 
3 1289 1302 1303 
3 1289 1303 1287 
3 1287 1303 1304 
3 1287 1304 1285 
3 1285 1304 1305 
3 1285 1305 1281 
3 1281 1305 1282 
3 1306 1307 1280 
3 1306 1280 1283 
3 1308 1309 1307 
3 1308 1307 1306 
3 1310 1311 1309 
3 1310 1309 1308 
3 1312 1311 1310 
3 1313 1314 1311 
3 1313 1311 1312 
3 1314 1315 1316 
3 1314 1316 1309 
3 1314 1309 1311 
3 1316 1317 1318 
3 1316 1318 1307 
3 1316 1307 1309 
3 1318 1284 1280 
3 1318 1280 1307 
3 1319 1320 1286 
3 1319 1286 1284 
3 1319 1284 1318 
3 1321 1322 1323 
3 1321 1323 1314 
3 1321 1314 1313 
3 1314 1323 1315 
3 1323 1324 1325 
3 1323 1325 1315 
3 1322 1326 1323 
3 1323 1326 1327 
3 1323 1327 1324 
3 1319 1318 1317 
3 1328 1320 1319 
3 1329 1319 1317 
3 1329 1317 1330 
3 1331 1328 1319 
3 1331 1319 1329 
3 1325 1324 1332 
3 1324 1327 1332 
3 1329 1330 1333 
3 1331 1329 1333 
3 1325 1334 1316 
3 1325 1316 1315 
3 1334 1330 1317 
3 1334 1317 1316 
3 1335 1334 1325 
3 1335 1325 1332 
3 1333 1330 1334 
3 1333 1334 1335 
3 1327 1336 1337 
3 1327 1337 1332 
3 1336 1331 1333 
3 1336 1333 1337 
3 1336 1338 1328 
3 1336 1328 1331 
3 1327 1326 1338 
3 1327 1338 1336 
3 1337 1333 1335 
3 1337 1335 1332 
3 1339 1340 1322 
3 1339 1322 1321 
3 1340 1341 1338 
3 1340 1338 1326 
3 1340 1326 1322 
3 1341 1342 1320 
3 1341 1320 1328 
3 1341 1328 1338 
3 1342 1288 1286 
3 1342 1286 1320 
3 1343 1290 1288 
3 1343 1288 1342 
3 1344 1292 1290 
3 1344 1290 1343 
3 1345 1294 1292 
3 1345 1292 1344 
3 1346 1296 1294 
3 1346 1294 1345 
3 1345 1347 1348 
3 1345 1348 1346 
3 1344 1349 1347 
3 1344 1347 1345 
3 1343 1350 1349 
3 1343 1349 1344 
3 1342 1341 1350 
3 1342 1350 1343 
3 1340 1351 1350 
3 1340 1350 1341 
3 1339 1352 1351 
3 1339 1351 1340 
3 1353 1354 1351 
3 1353 1351 1352 
3 1355 1356 1354 
3 1355 1354 1353 
3 1357 1358 1356 
3 1357 1356 1355 
3 1358 1348 1347 
3 1358 1347 1356 
3 1356 1347 1349 
3 1356 1349 1354 
3 1354 1349 1350 
3 1354 1350 1351 
3 1359 1283 1282 
3 1359 1282 1360 
3 1361 1283 1359 
3 1359 1362 1361 
3 1360 1363 1364 
3 1360 1364 1362 
3 1360 1362 1359 
3 1365 1363 1360 
3 1360 1366 1365 
3 1282 1366 1360 
3 1367 1368 1362 
3 1367 1362 1364 
3 1369 1370 1368 
3 1369 1368 1367 
3 1369 1367 1371 
3 1372 1370 1369 
3 1372 1369 1373 
3 1373 1374 1375 
3 1373 1375 1372 
3 1376 1362 1368 
3 1368 1370 1377 
3 1368 1377 1376 
3 1377 1370 1372 
3 1377 1372 1378 
3 1378 1372 1375 
3 1378 1375 1379 
3 1380 1381 1306 
3 1380 1306 1283 
3 1283 1361 1382 
3 1283 1382 1380 
3 1362 1383 1382 
3 1362 1382 1361 
3 1384 1308 1306 
3 1384 1306 1381 
3 1385 1310 1308 
3 1385 1308 1384 
3 1386 1387 1321 
3 1386 1321 1313 
3 1387 1388 1339 
3 1387 1339 1321 
3 1388 1389 1352 
3 1388 1352 1339 
3 1389 1390 1353 
3 1389 1353 1352 
3 1390 1391 1355 
3 1390 1355 1353 
3 1391 1392 1357 
3 1391 1357 1355 
3 1393 1312 1310 
3 1393 1310 1385 
3 1386 1313 1312 
3 1386 1312 1393 
3 1394 1375 1374 
3 1394 1374 1395 
3 1396 1379 1375 
3 1396 1375 1394 
3 1397 1394 1395 
3 1397 1395 1398 
3 1399 1396 1394 
3 1399 1394 1397 
3 1397 1400 1401 
3 1397 1401 1399 
3 1397 1398 1402 
3 1397 1402 1400 
3 1401 1400 1403 
3 1401 1403 1404 
3 1400 1402 1405 
3 1400 1405 1403 
3 1405 1406 1407 
3 1405 1407 1403 
3 1404 1403 1407 
3 1404 1407 1408 
3 1409 1410 1404 
3 1409 1404 1408 
3 1410 1411 1401 
3 1410 1401 1404 
3 1411 1412 1399 
3 1411 1399 1401 
3 1413 1414 1379 
3 1413 1379 1396 
3 1414 1415 1378 
3 1414 1378 1379 
3 1415 1416 1377 
3 1415 1377 1378 
3 1413 1396 1399 
3 1413 1399 1412 
3 1417 1418 1410 
3 1417 1410 1409 
3 1418 1419 1411 
3 1418 1411 1410 
3 1419 1420 1412 
3 1419 1412 1411 
3 1420 1421 1413 
3 1420 1413 1412 
3 1421 1422 1414 
3 1421 1414 1413 
3 1423 1419 1418 
3 1424 1425 1419 
3 1424 1419 1423 
3 1426 1420 1419 
3 1426 1419 1425 
3 1427 1421 1420 
3 1427 1420 1426 
3 1428 1422 1421 
3 1428 1421 1427 
3 1422 1429 1415 
3 1422 1415 1414 
3 1429 1430 1416 
3 1429 1416 1415 
3 1428 1431 1429 
3 1428 1429 1422 
3 1431 1432 1430 
3 1431 1430 1429 
3 1433 1383 1362 
3 1433 1362 1376 
3 1377 1416 1433 
3 1377 1433 1376 
3 1434 1435 1382 
3 1434 1382 1383 
3 1435 1436 1380 
3 1435 1380 1382 
3 1381 1380 1436 
3 1437 1384 1381 
3 1437 1381 1436 
3 1438 1385 1384 
3 1438 1384 1437 
3 1439 1393 1385 
3 1439 1385 1438 
3 1439 1440 1386 
3 1439 1386 1393 
3 1440 1441 1387 
3 1440 1387 1386 
3 1441 1442 1388 
3 1441 1388 1387 
3 1442 1443 1389 
3 1442 1389 1388 
3 1443 1444 1390 
3 1443 1390 1389 
3 1444 1445 1391 
3 1444 1391 1390 
3 1445 1446 1392 
3 1445 1392 1391 
3 1447 1448 1440 
3 1447 1440 1439 
3 1439 1449 1450 
3 1439 1450 1451 
3 1439 1451 1447 
3 1448 1452 1441 
3 1448 1441 1440 
3 1452 1453 1442 
3 1452 1442 1441 
3 1453 1454 1443 
3 1453 1443 1442 
3 1454 1455 1444 
3 1454 1444 1443 
3 1455 1456 1445 
3 1455 1445 1444 
3 1457 1446 1445 
3 1457 1445 1456 
3 1458 1434 1383 
3 1458 1383 1433 
3 1430 1458 1433 
3 1430 1433 1416 
3 1432 1459 1460 
3 1432 1460 1461 
3 1432 1461 1458 
3 1432 1458 1430 
3 1458 1435 1434 
3 1461 1462 1435 
3 1461 1435 1458 
3 1437 1436 1435 
3 1438 1437 1435 
3 1462 1463 1438 
3 1462 1438 1435 
3 1439 1438 1463 
3 1439 1463 1449 
3 1459 1451 1450 
3 1459 1450 1460 
3 1464 1426 1425 
3 1464 1465 1427 
3 1464 1427 1426 
3 1466 1428 1427 
3 1466 1427 1465 
3 1467 1431 1428 
3 1467 1428 1466 
3 1468 1469 1465 
3 1468 1465 1464 
3 1469 1466 1465 
3 1469 1470 1467 
3 1469 1467 1466 
3 1467 1471 1432 
3 1467 1432 1431 
3 1472 1459 1432 
3 1472 1432 1471 
3 1473 1451 1459 
3 1473 1459 1472 
3 1474 1447 1451 
3 1474 1451 1473 
3 1470 1475 1471 
3 1470 1471 1467 
3 1476 1472 1471 
3 1476 1471 1475 
3 1477 1473 1472 
3 1477 1472 1476 
3 1478 1473 1477 
3 1478 1474 1473 
3 1477 1479 1478 
3 1476 1480 1479 
3 1476 1479 1477 
3 1475 1481 1480 
3 1475 1480 1476 
3 1470 1482 1481 
3 1470 1481 1475 
3 1469 1482 1470 
3 1483 1448 1447 
3 1483 1447 1474 
3 1484 1452 1448 
3 1484 1448 1483 
3 1485 1453 1452 
3 1485 1452 1484 
3 1486 1454 1453 
3 1486 1453 1485 
3 1487 1455 1454 
3 1487 1454 1486 
3 1488 1456 1455 
3 1488 1455 1487 
3 1489 1457 1456 
3 1489 1456 1488 
3 1478 1490 1483 
3 1478 1483 1474 
3 1490 1484 1483 
3 1490 1491 1485 
3 1490 1485 1484 
3 1491 1486 1485 
3 1491 1492 1487 
3 1491 1487 1486 
3 1492 1493 1488 
3 1492 1488 1487 
3 1493 1489 1488 
3 1301 1494 1302 
3 1495 1496 1497 
3 1495 1497 1498 
3 1499 1495 1301 
3 1499 1500 1496 
3 1499 1496 1495 
3 1300 1501 1499 
3 1300 1499 1301 
3 1501 1502 1500 
3 1501 1500 1499 
3 1299 1503 1501 
3 1299 1501 1300 
3 1298 1504 1503 
3 1298 1503 1299 
3 1505 1506 1503 
3 1505 1503 1504 
3 1503 1506 1502 
3 1503 1502 1501 
3 1507 1508 1478 
3 1507 1478 1479 
3 1509 1507 1479 
3 1509 1479 1480 
3 1510 1509 1480 
3 1510 1480 1481 
3 1511 1510 1481 
3 1511 1481 1482 
3 1512 1511 1482 
3 1512 1482 1469 
3 1512 1469 1468 
3 1513 1514 1510 
3 1513 1510 1511 
3 1514 1515 1509 
3 1514 1509 1510 
3 1515 1516 1507 
3 1515 1507 1509 
3 1516 1517 1508 
3 1516 1508 1507 
3 1508 1518 1490 
3 1508 1490 1478 
3 1518 1519 1491 
3 1518 1491 1490 
3 1519 1520 1492 
3 1519 1492 1491 
3 1520 1521 1493 
3 1520 1493 1492 
3 1521 1522 1489 
3 1521 1489 1493 
3 1523 1524 1522 
3 1523 1522 1521 
3 1520 1525 1523 
3 1520 1523 1521 
3 1519 1526 1525 
3 1519 1525 1520 
3 1518 1527 1526 
3 1518 1526 1519 
3 1508 1517 1527 
3 1508 1527 1518 
3 1528 1529 1407 
3 1528 1407 1406 
3 1530 1408 1407 
3 1530 1407 1529 
3 1531 1409 1408 
3 1531 1408 1530 
3 1417 1409 1531 
3 1417 1531 1532 
3 1529 1528 1533 
3 1533 1534 1530 
3 1533 1530 1529 
3 1535 1536 1534 
3 1535 1534 1533 
3 1152 1151 1536 
3 1152 1536 1535 
3 1154 1537 1536 
3 1154 1536 1151 
3 1537 1538 1534 
3 1537 1534 1536 
3 1538 1531 1530 
3 1538 1530 1534 
3 1157 1539 1537 
3 1157 1537 1154 
3 1540 1538 1537 
3 1540 1537 1539 
3 1532 1531 1538 
3 1532 1538 1540 
3 1417 1541 1423 
3 1417 1423 1418 
3 1532 1542 1541 
3 1532 1541 1417 
3 1540 1543 1542 
3 1540 1542 1532 
3 1539 1544 1543 
3 1539 1543 1540 
3 1157 1163 1544 
3 1157 1544 1539 
3 1541 1424 1423 
3 1545 1546 1424 
3 1545 1424 1541 
3 1547 1468 1546 
3 1547 1546 1545 
3 1546 1464 1425 
3 1546 1425 1424 
3 1548 1549 1545 
3 1548 1545 1541 
3 1549 1547 1545 
3 1542 1550 1548 
3 1542 1548 1541 
3 1543 1551 1550 
3 1543 1550 1542 
3 1544 1552 1551 
3 1544 1551 1543 
3 1163 1172 1552 
3 1163 1552 1544 
3 1174 1553 1552 
3 1174 1552 1172 
3 1553 1554 1551 
3 1553 1551 1552 
3 1554 1555 1550 
3 1554 1550 1551 
3 1555 1556 1548 
3 1555 1548 1550 
3 1556 1549 1548 
3 1547 1557 1512 
3 1547 1512 1468 
3 1557 1513 1511 
3 1557 1511 1512 
3 1547 1549 1557 
3 1549 1558 1513 
3 1549 1513 1557 
3 1558 1559 1514 
3 1558 1514 1513 
3 1514 1559 1560 
3 1514 1560 1515 
3 1560 1561 1516 
3 1560 1516 1515 
3 1561 1562 1517 
3 1561 1517 1516 
3 1562 1563 1527 
3 1562 1527 1517 
3 1563 1564 1526 
3 1563 1526 1527 
3 1564 1565 1525 
3 1564 1525 1526 
3 1525 1565 1566 
3 1525 1566 1523 
3 1566 1567 1524 
3 1566 1524 1523 
3 1190 1568 1553 
3 1190 1553 1174 
3 1568 1569 1554 
3 1568 1554 1553 
3 1569 1570 1555 
3 1569 1555 1554 
3 1570 1571 1556 
3 1570 1556 1555 
3 1571 1558 1549 
3 1571 1549 1556 
3 1195 1572 1568 
3 1195 1568 1190 
3 1572 1573 1569 
3 1572 1569 1568 
3 1573 1574 1570 
3 1573 1570 1569 
3 1574 1575 1570 
3 1575 1576 1571 
3 1575 1571 1570 
3 1576 1559 1558 
3 1576 1558 1571 
3 1201 1577 1572 
3 1201 1572 1195 
3 1577 1578 1573 
3 1577 1573 1572 
3 1578 1579 1574 
3 1578 1574 1573 
3 1579 1580 1575 
3 1579 1575 1574 
3 1580 1581 1576 
3 1580 1576 1575 
3 1207 1582 1577 
3 1207 1577 1201 
3 1582 1583 1578 
3 1582 1578 1577 
3 1583 1584 1579 
3 1583 1579 1578 
3 1584 1585 1580 
3 1584 1580 1579 
3 1585 1586 1580 
3 1586 1587 1581 
3 1586 1581 1580 
3 1214 1588 1582 
3 1214 1582 1207 
3 1588 1589 1583 
3 1588 1583 1582 
3 1589 1590 1584 
3 1589 1584 1583 
3 1590 1591 1585 
3 1590 1585 1584 
3 1591 1592 1586 
3 1591 1586 1585 
3 1592 1593 1587 
3 1592 1587 1586 
3 1221 1594 1588 
3 1221 1588 1214 
3 1594 1595 1589 
3 1594 1589 1588 
3 1595 1596 1590 
3 1595 1590 1589 
3 1596 1597 1591 
3 1596 1591 1590 
3 1597 1598 1592 
3 1597 1592 1591 
3 1598 1599 1593 
3 1598 1593 1592 
3 1228 1600 1594 
3 1228 1594 1221 
3 1600 1601 1595 
3 1600 1595 1594 
3 1601 1602 1596 
3 1601 1596 1595 
3 1602 1603 1597 
3 1602 1597 1596 
3 1603 1604 1598 
3 1603 1598 1597 
3 1604 1605 1599 
3 1604 1599 1598 
3 1235 1606 1600 
3 1235 1600 1228 
3 1237 1607 1606 
3 1237 1606 1235 
3 1239 1608 1607 
3 1239 1607 1237 
3 1606 1609 1601 
3 1606 1601 1600 
3 1607 1610 1609 
3 1607 1609 1606 
3 1608 1611 1610 
3 1608 1610 1607 
3 1609 1612 1602 
3 1609 1602 1601 
3 1610 1613 1612 
3 1610 1612 1609 
3 1611 1614 1613 
3 1611 1613 1610 
3 1612 1615 1603 
3 1612 1603 1602 
3 1613 1616 1615 
3 1613 1615 1612 
3 1614 1617 1616 
3 1614 1616 1613 
3 1615 1618 1604 
3 1615 1604 1603 
3 1616 1619 1618 
3 1616 1618 1615 
3 1617 1620 1619 
3 1617 1619 1616 
3 1618 1621 1605 
3 1618 1605 1604 
3 1619 1622 1621 
3 1619 1621 1618 
3 1620 1623 1622 
3 1620 1622 1619 
3 1581 1560 1559 
3 1581 1559 1576 
3 1587 1561 1560 
3 1587 1560 1581 
3 1593 1562 1561 
3 1593 1561 1587 
3 1599 1563 1562 
3 1599 1562 1593 
3 1605 1564 1563 
3 1605 1563 1599 
3 1621 1565 1564 
3 1621 1564 1605 
3 1622 1566 1565 
3 1622 1565 1621 
3 1623 1567 1566 
3 1623 1566 1622 
3 1468 1464 1546 
3 1301 1495 1498 
3 1301 1498 1494 
3 1263 1624 1625 
3 1263 1625 1626 
3 1263 1626 1627 
3 1263 1627 1628 
3 1263 1628 1629 
3 1263 1629 1630 
3 1263 1630 1255 
3 1504 1631 1625 
3 1504 1625 1505 
3 1298 1632 1631 
3 1298 1631 1504 
3 1297 1633 1632 
3 1297 1632 1298 
3 1296 1634 1633 
3 1296 1633 1297 
3 1346 1635 1634 
3 1346 1634 1296 
3 1348 1636 1635 
3 1348 1635 1346 
3 1358 1637 1636 
3 1358 1636 1348 
3 1357 1638 1637 
3 1357 1637 1358 
3 1392 1639 1638 
3 1392 1638 1357 
3 1446 1640 1639 
3 1446 1639 1392 
3 1457 1641 1640 
3 1457 1640 1446 
3 1489 1642 1641 
3 1489 1641 1457 
3 1522 1643 1642 
3 1522 1642 1489 
3 1524 1644 1643 
3 1524 1643 1522 
3 1567 1645 1644 
3 1567 1644 1524 
3 1623 1646 1645 
3 1623 1645 1567 
3 1620 1626 1646 
3 1620 1646 1623 
3 1617 1627 1626 
3 1617 1626 1620 
3 1614 1628 1627 
3 1614 1627 1617 
3 1611 1629 1628 
3 1611 1628 1614 
3 1608 1630 1629 
3 1608 1629 1611 
3 1239 1255 1630 
3 1239 1630 1608 
3 1640 1641 1642 
3 1640 1642 1643 
3 1640 1643 1644 
3 1640 1644 1645 
3 1640 1645 1646 
3 1625 1631 1632 
3 1625 1632 1633 
3 1625 1633 1634 
3 1625 1634 1635 
3 1625 1635 1636 
3 1625 1636 1637 
3 1625 1637 1638 
3 1625 1638 1639 
3 1625 1639 1640 
3 1625 1640 1646 
3 1625 1646 1626 
3 1647 982 983 
3 1648 1649 1650 
3 1648 1650 1651 
3 1649 1652 1653 
3 1649 1653 1650 
3 1654 1655 1653 
3 1654 1653 1652 
3 1655 1656 1657 
3 1655 1657 1653 
3 1653 1657 1658 
3 1653 1658 1650 
3 1650 1658 1659 
3 1650 1659 1651 
3 1659 1658 1660 
3 1659 1660 1661 
3 1658 1657 1662 
3 1658 1662 1660 
3 1657 1656 1663 
3 1657 1663 1662 
3 1662 1663 1664 
3 1662 1664 1665 
3 1665 1664 1666 
3 1665 1666 1667 
3 1667 1666 1668 
3 1668 1666 1669 
3 1668 1669 1670 
3 1670 1669 1671 
3 1670 1671 1672 
3 1670 1672 1673 
3 1670 1673 1674 
3 1674 1675 1668 
3 1674 1668 1670 
3 1668 1675 1676 
3 1668 1676 1667 
3 1665 1677 1660 
3 1665 1660 1662 
3 1665 1667 1676 
3 1665 1676 1677 
3 1660 1677 1678 
3 1660 1678 1661 
3 1678 1677 1679 
3 1678 1679 1680 
3 1679 1677 1676 
3 1676 1675 1681 
3 1676 1681 1679 
3 1679 1681 1682 
3 1679 1682 1680 
3 1674 1673 1683 
3 1674 1683 1684 
3 1684 1685 1675 
3 1684 1675 1674 
3 1675 1685 1681 
3 1681 1686 1687 
3 1681 1687 1682 
3 1681 1685 1688 
3 1681 1688 1686 
3 1688 1685 1684 
3 1688 1684 1689 
3 1689 1684 1683 
3 1689 1683 1690 
3 1689 1691 1688 
3 1688 1691 1686 
3 1691 1689 1690 
3 1691 1690 1692 
3 1692 1693 1691 
3 1691 1693 1694 
3 1694 1695 1691 
3 1691 1695 1696 
3 1696 1687 1686 
3 1696 1686 1691 
3 1019 1021 1697 
3 1019 1697 1698 
3 1697 1648 1651 
3 1697 1651 1698 
3 1651 1659 1699 
3 1651 1699 1698 
3 1698 1699 1016 
3 1698 1016 1019 
3 1659 1661 1700 
3 1659 1700 1699 
3 1699 1700 1011 
3 1699 1011 1016 
3 1661 1678 1701 
3 1661 1701 1700 
3 1700 1701 1008 
3 1700 1008 1011 
3 1680 1702 1701 
3 1680 1701 1678 
3 1680 1682 1703 
3 1680 1703 1702 
3 1008 1701 1702 
3 1008 1702 989 
3 1702 1703 986 
3 1702 986 989 
3 985 1704 1705 
3 985 1705 983 
3 983 1705 1706 
3 983 1706 1647 
3 1647 1706 1707 
3 1647 1707 1708 
3 982 1647 1708 
3 982 1708 1709 
3 1709 1708 1710 
3 1709 977 982 
3 1710 1708 1707 
3 1710 1707 1711 
3 1707 1692 1690 
3 1707 1690 1711 
3 1692 1707 1706 
3 1692 1706 1693 
3 1693 1706 1694 
3 1706 1695 1694 
3 1706 1705 1696 
3 1706 1696 1695 
3 1705 1704 1687 
3 1705 1687 1696 
3 1704 1703 1682 
3 1704 1682 1687 
3 979 1712 1713 
3 979 1713 980 
3 979 978 1714 
3 979 1714 1712 
3 1713 1715 895 
3 1713 895 980 
3 1714 978 977 
3 1714 977 1716 
3 1715 1717 919 
3 1715 919 895 
3 1718 1719 1717 
3 1718 1717 1715 
3 1718 1720 1719 
3 1718 1715 1713 
3 1718 1713 1721 
3 1721 1720 1718 
3 1712 1722 1721 
3 1712 1721 1713 
3 1722 1712 1714 
3 1722 1714 1723 
3 1723 1714 1716 
3 1723 1716 1724 
3 1724 1725 1726 
3 1724 1726 1723 
3 1723 1726 1727 
3 1723 1727 1722 
3 1727 1726 1728 
3 1729 1728 1726 
3 1729 1726 1725 
3 1729 1725 1730 
3 1716 977 1709 
3 1716 1709 1731 
3 1709 1710 1731 
3 1710 1711 1732 
3 1710 1732 1733 
3 1690 1683 1732 
3 1690 1732 1711 
3 1732 1734 1735 
3 1732 1735 1733 
3 1732 1683 1673 
3 1732 1673 1734 
3 1724 1716 1731 
3 1724 1731 1736 
3 1736 1725 1724 
3 1736 1737 1730 
3 1736 1730 1725 
3 1710 1733 1736 
3 1710 1736 1731 
3 1733 1735 1737 
3 1733 1737 1736 
3 1735 1738 1737 
3 1737 1738 1739 
3 1737 1739 1730 
3 1739 1740 1729 
3 1739 1729 1730 
3 1738 1735 1741 
3 1741 1735 1742 
3 1742 1735 1734 
3 1742 1734 1743 
3 1743 1734 1673 
3 1741 1742 1744 
3 1741 1744 1745 
3 1744 1746 1745 
3 1746 1744 1747 
3 1747 1748 1746 
3 1746 1748 1749 
3 1746 1749 1745 
3 1744 1742 1743 
3 1744 1743 1750 
3 1747 1744 1750 
3 1747 1750 1751 
3 1751 1752 1747 
3 1751 1750 1672 
3 1751 1672 1671 
3 1672 1750 1743 
3 1672 1743 1673 
3 1752 1751 1671 
3 1752 1671 1753 
3 1669 1754 1753 
3 1669 1753 1671 
3 1755 1754 1669 
3 1755 1669 1666 
3 1666 1664 1756 
3 1666 1756 1755 
3 1756 1664 1663 
3 1756 1663 1757 
3 1757 1663 1656 
3 1757 1656 1758 
3 1758 1656 1655 
3 1758 1655 1759 
3 1759 1655 1654 
3 1759 1654 1760 
3 1759 477 476 
3 1759 476 1758 
3 1758 476 480 
3 1758 480 1757 
3 1757 480 482 
3 1757 482 1756 
3 1756 482 484 
3 1756 484 1755 
3 1747 1761 1762 
3 1747 1762 1748 
3 1748 1762 1763 
3 1748 1763 1749 
3 1747 1764 1761 
3 1747 1765 1764 
3 1747 1752 1766 
3 1747 1766 1765 
3 1752 1753 1767 
3 1752 1767 1766 
3 1764 1765 1768 
3 1764 1768 1769 
3 1769 1770 1761 
3 1769 1761 1764 
3 1766 1768 1765 
3 1767 475 1771 
3 1771 1768 1766 
3 1771 1766 1767 
3 1772 1770 1769 
3 1772 1769 1773 
3 1773 1774 1775 
3 1773 1775 1772 
3 1769 1768 1776 
3 1769 1776 1773 
3 1771 1776 1768 
3 475 473 1776 
3 475 1776 1771 
3 1776 1777 1774 
3 1776 1774 1773 
3 1761 1770 1778 
3 1761 1778 1762 
3 1762 1778 1779 
3 1762 1779 1763 
3 1779 1778 1780 
3 1779 1780 1781 
3 1778 1770 1772 
3 1778 1772 1780 
3 1780 1772 1782 
3 1782 1772 1775 
3 1782 1775 1783 
3 1783 1784 1785 
3 1783 1785 1782 
3 1782 1785 1781 
3 1782 1781 1780 
3 473 2 1777 
3 473 1777 1776 
3 1110 1786 1111 
3 1111 1786 1787 
3 1111 1787 1114 
3 1786 1788 1787 
3 1114 1787 1789 
3 1114 1789 1116 
3 1787 1788 1790 
3 1787 1790 1789 
3 1116 1789 1791 
3 1116 1791 1119 
3 1119 1791 1792 
3 1119 1792 1120 
3 1789 1790 1793 
3 1789 1793 1791 
3 1791 1793 1794 
3 1791 1794 1792 
3 1760 486 477 
3 1760 477 1759 
3 1143 1648 1697 
3 1143 1697 1021 
3 1703 1704 985 
3 1703 985 986 
3 591 475 1767 
3 591 1767 579 
3 1754 1755 484 
3 1754 484 500 
3 1754 500 498 
3 1767 1753 579 
3 498 566 570 
3 498 570 579 
3 498 579 1753 
3 1753 1754 498 
3 1795 1796 1797 
3 1798 1795 1797 
3 1798 1797 1799 
3 1786 1110 1109 
3 1799 1800 1801 
3 1799 1801 1798 
3 1798 1801 1802 
3 1798 1802 1803 
3 1803 1802 1804 
3 1803 1804 1805 
3 1805 1804 1806 
3 1805 1806 1807 
3 1807 1806 1808 
3 1807 1808 1809 
3 1809 1808 1810 
3 1809 1810 1811 
3 1811 1810 1812 
3 1811 1812 1813 
3 1813 1812 1814 
3 1813 1814 1815 
3 1815 1814 1816 
3 1815 1816 1817 
3 1817 1816 1818 
3 1817 1818 1109 
3 1109 1818 1819 
3 1109 1819 1786 
3 1786 1819 1820 
3 1786 1820 1788 
3 1788 1820 1821 
3 1788 1821 1790 
3 1790 1821 1822 
3 1790 1822 1793 
3 1794 1263 1262 
3 1794 1262 1792 
3 1792 1262 1261 
3 1792 1261 1120 
3 1794 1793 1822 
3 1371 1367 1823 
3 1824 1825 1826 
3 1824 1826 1827 
3 1825 1828 1829 
3 1825 1829 1826 
3 1829 1828 1830 
3 1829 1830 1831 
3 1828 1832 1833 
3 1828 1833 1830 
3 1825 1834 1832 
3 1825 1832 1828 
3 1824 1835 1834 
3 1824 1834 1825 
3 1836 1837 1834 
3 1836 1834 1835 
3 1837 1838 1832 
3 1837 1832 1834 
3 1838 1839 1833 
3 1838 1833 1832 
3 1840 1841 1839 
3 1840 1839 1838 
3 1842 1843 1841 
3 1842 1841 1840 
3 1844 1843 1842 
3 1845 1846 1843 
3 1845 1843 1844 
3 1847 1848 1846 
3 1847 1846 1845 
3 1849 1850 1847 
3 1849 1847 1845 
3 1845 1844 1851 
3 1845 1851 1849 
3 1842 1852 1851 
3 1842 1851 1844 
3 1838 1837 1853 
3 1838 1853 1840 
3 1853 1852 1842 
3 1853 1842 1840 
3 1836 1854 1853 
3 1836 1853 1837 
3 1855 1856 1853 
3 1855 1853 1854 
3 1852 1853 1856 
3 1856 1857 1851 
3 1856 1851 1852 
3 1855 1858 1857 
3 1855 1857 1856 
3 1859 1860 1850 
3 1859 1850 1849 
3 1849 1851 1861 
3 1849 1861 1859 
3 1857 1861 1851 
3 1858 1862 1863 
3 1858 1863 1857 
3 1863 1864 1861 
3 1863 1861 1857 
3 1865 1859 1861 
3 1865 1861 1864 
3 1866 1860 1859 
3 1866 1859 1865 
3 1864 1867 1865 
3 1863 1867 1864 
3 1868 1866 1865 
3 1868 1865 1867 
3 1867 1869 1868 
3 1870 1869 1867 
3 1867 1871 1870 
3 1872 1871 1867 
3 1867 1863 1862 
3 1867 1862 1872 
3 1873 1874 1406 
3 1873 1406 1405 
3 1873 1824 1827 
3 1873 1827 1874 
3 1873 1875 1835 
3 1873 1835 1824 
3 1405 1402 1875 
3 1405 1875 1873 
3 1875 1876 1836 
3 1875 1836 1835 
3 1402 1398 1876 
3 1402 1876 1875 
3 1876 1877 1854 
3 1876 1854 1836 
3 1398 1395 1877 
3 1398 1877 1876 
3 1854 1877 1878 
3 1854 1878 1855 
3 1878 1879 1858 
3 1878 1858 1855 
3 1374 1878 1877 
3 1374 1877 1395 
3 1374 1373 1879 
3 1374 1879 1878 
3 1371 1880 1881 
3 1371 1881 1369 
3 1823 1882 1880 
3 1823 1880 1371 
3 1883 1884 1882 
3 1883 1882 1823 
3 1885 1883 1823 
3 1885 1823 1367 
3 1886 1883 1885 
3 1367 1364 1885 
3 1887 1884 1883 
3 1887 1883 1886 
3 1887 1866 1868 
3 1887 1868 1884 
3 1869 1882 1884 
3 1869 1884 1868 
3 1870 1882 1869 
3 1870 1871 1882 
3 1871 1872 1880 
3 1871 1880 1882 
3 1872 1862 1881 
3 1872 1881 1880 
3 1862 1858 1879 
3 1862 1879 1881 
3 1366 1888 1889 
3 1366 1889 1365 
3 1889 1890 1363 
3 1889 1363 1365 
3 1366 1282 1891 
3 1366 1891 1888 
3 1892 1364 1363 
3 1892 1363 1890 
3 1282 1305 1893 
3 1282 1893 1891 
3 1891 1893 1894 
3 1891 1894 1895 
3 1894 1896 1895 
3 1897 1888 1891 
3 1897 1891 1895 
3 1895 1896 1897 
3 1888 1897 1898 
3 1888 1898 1889 
3 1899 1890 1889 
3 1899 1889 1898 
3 1900 1892 1890 
3 1900 1890 1899 
3 1899 1901 1902 
3 1899 1902 1900 
3 1898 1903 1901 
3 1898 1901 1899 
3 1904 1901 1903 
3 1901 1904 1905 
3 1906 1902 1901 
3 1906 1901 1905 
3 1907 1885 1364 
3 1907 1364 1892 
3 1907 1886 1885 
3 1908 1909 1887 
3 1908 1887 1886 
3 1887 1909 1860 
3 1887 1860 1866 
3 1908 1910 1911 
3 1908 1911 1909 
3 1911 1850 1860 
3 1911 1860 1909 
3 1912 1907 1892 
3 1912 1892 1900 
3 1900 1902 1912 
3 1902 1906 1913 
3 1902 1913 1912 
3 1907 1912 1908 
3 1907 1908 1886 
3 1912 1913 1910 
3 1912 1910 1908 
3 1913 1914 1910 
3 1906 1915 1914 
3 1906 1914 1913 
3 1906 1905 1916 
3 1906 1916 1915 
3 1917 1910 1914 
3 1918 1910 1917 
3 1919 1911 1910 
3 1919 1910 1918 
3 1850 1911 1919 
3 1920 1921 1918 
3 1920 1918 1917 
3 1920 1922 1921 
3 1923 1921 1922 
3 1922 1924 1923 
3 1920 1925 1924 
3 1920 1924 1922 
3 1926 1919 1918 
3 1926 1918 1921 
3 1927 1926 1921 
3 1927 1921 1923 
3 1923 1928 1927 
3 1848 1847 1926 
3 1848 1926 1927 
3 1850 1919 1926 
3 1850 1926 1847 
3 1929 1848 1927 
3 1929 1927 1928 
3 1848 1929 1930 
3 1848 1930 1846 
3 1843 1846 1930 
3 1843 1930 1931 
3 1931 1932 1841 
3 1931 1841 1843 
3 1933 1839 1841 
3 1933 1841 1932 
3 1934 1833 1839 
3 1934 1839 1933 
3 1935 1830 1833 
3 1935 1833 1934 
3 1936 1831 1830 
3 1936 1830 1935 
3 1934 7 6 
3 1934 6 1935 
3 1933 8 7 
3 1933 7 1934 
3 1932 10 8 
3 1932 8 1933 
3 1931 12 10 
3 1931 10 1932 
3 1924 1937 1938 
3 1924 1938 1923 
3 1925 1939 1937 
3 1925 1937 1924 
3 1938 1940 1923 
3 1940 1941 1923 
3 1941 1942 1928 
3 1941 1928 1923 
3 1942 1943 1929 
3 1942 1929 1928 
3 1944 1945 1941 
3 1944 1941 1940 
3 1940 1938 1946 
3 1940 1946 1944 
3 1941 1945 1942 
3 1947 4 1943 
3 1943 1942 1945 
3 1943 1945 1947 
3 1948 1944 1946 
3 1948 1946 1949 
3 1949 1775 1774 
3 1949 1774 1948 
3 1948 1950 1945 
3 1948 1945 1944 
3 1945 1950 1947 
3 1947 1950 1 
3 1947 1 4 
3 1948 1774 1777 
3 1948 1777 1950 
3 1937 1951 1946 
3 1937 1946 1938 
3 1939 1952 1951 
3 1939 1951 1937 
3 1953 1954 1951 
3 1953 1951 1952 
3 1954 1949 1946 
3 1954 1946 1951 
3 1955 1949 1954 
3 1783 1775 1949 
3 1783 1949 1955 
3 1955 1956 1784 
3 1955 1784 1783 
3 1954 1953 1956 
3 1954 1956 1955 
3 1950 1777 2 
3 1950 2 1 
3 1496 1957 1497 
3 1500 1958 1957 
3 1500 1957 1496 
3 1958 1959 1957 
3 1502 1960 1958 
3 1502 1958 1500 
3 1960 1961 1959 
3 1960 1959 1958 
3 1506 1962 1960 
3 1506 1960 1502 
3 1505 1963 1962 
3 1505 1962 1506 
3 1962 1964 1961 
3 1962 1961 1960 
3 1963 1794 1964 
3 1963 1964 1962 
3 1935 6 14 
3 1935 14 1936 
3 1406 1874 1827 
3 1406 1827 1528 
3 1373 1369 1881 
3 1373 1881 1879 
3 108 1943 4 
3 108 4 129 
3 29 12 1931 
3 29 1931 1930 
3 28 29 1930 
3 108 1929 1943 
3 1929 108 99 
3 1929 99 95 
3 1929 95 28 
3 28 1930 1929 
3 1965 1966 1967 
3 1968 1965 1967 
3 1968 1967 1969 
3 1498 1497 1957 
3 1969 1801 1800 
3 1969 1800 1968 
3 1970 1802 1801 
3 1970 1801 1969 
3 1971 1804 1802 
3 1971 1802 1970 
3 1972 1806 1804 
3 1972 1804 1971 
3 1973 1808 1806 
3 1973 1806 1972 
3 1974 1810 1808 
3 1974 1808 1973 
3 1975 1812 1810 
3 1975 1810 1974 
3 1976 1814 1812 
3 1976 1812 1975 
3 1977 1816 1814 
3 1977 1814 1976 
3 1498 1818 1816 
3 1498 1816 1977 
3 1957 1819 1818 
3 1957 1818 1498 
3 1959 1820 1819 
3 1959 1819 1957 
3 1961 1821 1820 
3 1961 1820 1959 
3 1964 1822 1821 
3 1964 1821 1961 
3 1963 1624 1263 
3 1963 1263 1794 
3 1505 1625 1624 
3 1505 1624 1963 
3 1822 1964 1794 
3 1073 1076 1978 
3 1073 1978 1979 
3 1073 1979 1980 
3 1073 1980 1074 
3 1074 1980 1981 
3 1074 1981 1064 
3 1981 1982 1065 
3 1981 1065 1064 
3 1982 1983 1077 
3 1982 1077 1065 
3 1978 1076 1077 
3 1978 1077 1983 
3 1984 1985 1980 
3 1984 1980 1979 
3 1979 1978 1986 
3 1979 1986 1984 
3 1986 1978 1983 
3 1986 1983 1987 
3 1987 1983 1982 
3 1987 1982 1988 
3 1988 1982 1981 
3 1988 1981 1989 
3 1989 1981 1980 
3 1989 1980 1985 
3 1990 1985 1984 
3 1990 1984 1986 
3 1990 1986 1987 
3 1990 1987 1988 
3 1990 1988 1989 
3 1990 1989 1985 
3 1991 1992 1462 
3 1991 1462 1461 
3 1460 1993 1991 
3 1460 1991 1461 
3 1450 1994 1993 
3 1450 1993 1460 
3 1450 1449 1995 
3 1450 1995 1994 
3 1449 1463 1996 
3 1449 1996 1995 
3 1996 1463 1462 
3 1996 1462 1992 
3 1991 1993 1997 
3 1991 1997 1998 
3 1998 1999 1992 
3 1998 1992 1991 
3 2000 1996 1992 
3 2000 1992 1999 
3 2001 1995 1996 
3 2001 1996 2000 
3 2002 1994 1995 
3 2002 1995 2001 
3 1997 1993 1994 
3 1997 1994 2002 
3 1998 1997 2003 
3 1999 1998 2003 
3 2000 1999 2003 
3 2001 2000 2003 
3 2002 2001 2003 
3 1997 2002 2003 
3 2004 1738 2005 
3 2004 2005 2006 
3 2004 1740 1739 
3 2004 1739 1738 
3 1741 2007 1738 
3 2007 2008 2005 
3 2007 2005 1738 
3 2008 2009 2006 
3 2008 2006 2005 
3 1745 2010 2007 
3 1745 2007 1741 
3 2010 2011 2008 
3 2010 2008 2007 
3 2011 2012 2009 
3 2011 2009 2008 
3 1745 1749 2010 
3 1749 2013 2011 
3 1749 2011 2010 
3 1749 1763 2013 
3 2013 2014 2012 
3 2013 2012 2011 
3 1763 1779 2014 
3 1763 2014 2013 
3 2014 2015 2016 
3 2014 2016 2012 
3 1779 1781 2015 
3 1779 2015 2014 
3 2012 2016 2017 
3 2012 2017 2009 
3 2018 1781 1785 
3 2018 1785 2019 
3 2019 1785 1784 
3 2019 1784 2020 
3 2020 2021 2022 
3 2020 2022 2019 
3 2019 2022 2023 
3 2019 2023 2018 
3 2018 2023 2016 
3 2018 2016 2015 
3 2016 2024 2017 
3 2016 2023 2025 
3 2016 2025 2024 
3 2023 2022 2026 
3 2023 2026 2025 
3 2022 2021 2027 
3 2022 2027 2026 
3 2024 2028 2017 
3 2024 2025 2029 
3 2024 2029 2028 
3 2025 2026 2030 
3 2025 2030 2029 
3 2026 2027 2031 
3 2026 2031 2030 
3 2017 2028 2032 
3 2017 2032 2033 
3 2017 2033 2034 
3 2017 2034 2009 
3 2033 2035 2036 
3 2033 2036 2034 
3 2006 2009 2034 
3 2006 2034 2037 
3 1740 2037 2038 
3 1740 2038 1729 
3 1740 2004 2006 
3 1740 2006 2037 
3 2037 2034 2036 
3 2037 2036 2038 
3 2038 2039 1728 
3 2038 1728 1729 
3 2036 2040 2039 
3 2036 2039 2038 
3 2035 2041 2040 
3 2035 2040 2036 
3 2033 2032 2042 
3 2033 2042 2035 
3 1728 2039 2043 
3 1728 2043 1727 
3 2040 2043 2039 
3 2043 2044 1722 
3 2043 1722 1727 
3 2040 2045 2044 
3 2040 2044 2043 
3 2040 2041 2045 
3 2035 2042 2046 
3 2035 2046 2041 
3 2041 2046 2047 
3 2041 2047 2045 
3 2045 2048 2044 
3 1722 2044 2048 
3 1722 2048 2049 
3 1722 2050 1721 
3 2050 2051 2052 
3 2050 2052 1721 
3 1722 2053 2050 
3 1722 2049 2053 
3 2053 2054 2051 
3 2053 2051 2050 
3 2053 2049 2054 
3 2049 2055 2056 
3 2049 2056 2054 
3 2054 2056 2057 
3 2054 2057 2051 
3 2049 2048 2058 
3 2049 2058 2055 
3 2045 2047 2059 
3 2045 2059 2048 
3 2048 2059 2060 
3 2048 2060 2058 
3 2028 2029 2061 
3 2028 2061 2062 
3 2029 2030 2063 
3 2029 2063 2061 
3 2030 2031 2064 
3 2030 2064 2063 
3 2063 2064 2065 
3 2063 2065 2066 
3 2063 2066 2067 
3 2063 2067 2061 
3 2061 2067 2068 
3 2061 2068 2062 
3 1799 2066 2065 
3 1799 2065 2069 
3 1799 1797 2067 
3 1799 2067 2066 
3 2067 1797 1796 
3 2067 1796 2068 
3 2028 2062 2070 
3 2028 2070 2032 
3 2032 2070 2071 
3 2032 2071 2042 
3 2042 2071 2046 
3 2046 2071 2047 
3 2047 2071 2072 
3 2047 2072 2059 
3 2059 2072 2073 
3 2059 2073 2060 
3 2062 2068 2074 
3 2062 2074 2070 
3 2070 2074 2075 
3 2070 2075 2071 
3 2071 2075 2076 
3 2071 2076 2072 
3 2068 1796 1795 
3 2068 1795 2074 
3 2074 1795 1798 
3 2074 1798 2075 
3 2075 1798 1803 
3 2075 1803 2076 
3 2076 1803 1805 
3 2076 1805 2077 
3 2072 2076 2077 
3 2072 2077 2073 
3 2073 2077 2078 
3 2073 2078 2079 
3 2077 1805 1807 
3 2077 1807 2078 
3 2078 1807 1809 
3 2078 1809 2080 
3 2080 2081 2079 
3 2079 2078 2080 
3 2081 2060 2073 
3 2081 2073 2079 
3 2080 1809 1811 
3 2080 1811 2082 
3 2080 2082 2083 
3 2083 2084 2081 
3 2083 2081 2080 
3 2081 2084 2085 
3 2081 2085 2086 
3 2081 2086 2087 
3 2087 2058 2060 
3 2087 2060 2081 
3 2058 2087 2088 
3 2058 2088 2055 
3 2055 2088 2089 
3 2055 2089 2056 
3 2056 2089 2090 
3 2056 2090 2057 
3 2090 2089 2091 
3 1721 2052 2092 
3 1721 2092 1720 
3 1720 2092 2093 
3 1720 2093 1719 
3 1719 2093 1717 
3 2093 2094 918 
3 2093 918 919 
3 2093 919 1717 
3 2094 2095 917 
3 2094 917 918 
3 2095 916 917 
3 2096 1108 916 
3 2096 916 2095 
3 2096 2095 2097 
3 2097 2095 2098 
3 2098 2095 2094 
3 2093 2098 2094 
3 2093 2099 2100 
3 2093 2100 2098 
3 2092 2101 2099 
3 2092 2099 2093 
3 2096 2102 1108 
3 2096 2103 2102 
3 2096 2104 2105 
3 2096 2105 2103 
3 2104 2106 2107 
3 2104 2107 2105 
3 2051 2108 2052 
3 2052 2108 2101 
3 2052 2101 2092 
3 2051 2057 2109 
3 2109 2110 2051 
3 2109 2111 2112 
3 2109 2112 2110 
3 2111 2113 2112 
3 2112 2113 2097 
3 2112 2097 2098 
3 2051 2110 2114 
3 2051 2114 2108 
3 2110 2112 2115 
3 2110 2115 2114 
3 2112 2098 2100 
3 2112 2100 2115 
3 2108 2114 2115 
3 2108 2115 2100 
3 2108 2100 2099 
3 2108 2099 2101 
3 2057 2090 2109 
3 2109 2090 2111 
3 2111 2090 2116 
3 2111 2116 2113 
3 2090 2085 2116 
3 2116 2117 2113 
3 2113 2117 2097 
3 2117 2106 2104 
3 2117 2104 2118 
3 2118 2097 2117 
3 2118 2104 2096 
3 2096 2097 2118 
3 2084 2083 2106 
3 2084 2106 2117 
3 2117 2085 2084 
3 2085 2117 2116 
3 2083 2082 2107 
3 2083 2107 2106 
3 1811 1813 2107 
3 1811 2107 2082 
3 2107 1813 1815 
3 2107 1815 2105 
3 1815 1817 2103 
3 1815 2103 2105 
3 2102 2103 1817 
3 2102 1817 1109 
3 2085 2091 2088 
3 2085 2088 2086 
3 2091 2089 2088 
3 2085 2090 2091 
3 2088 2087 2086 
3 2018 2015 1781 
3 1108 2102 1109 
3 2069 1800 1799 
3 2119 1914 2120 
3 2121 2119 2120 
3 1915 1916 2120 
3 1914 1915 2120 
3 1914 2122 1917 
3 1914 2119 2123 
3 1914 2123 2122 
3 2119 2121 2124 
3 2119 2124 2123 
3 1917 2122 2125 
3 1917 2125 1920 
3 2122 2123 2126 
3 2122 2126 2125 
3 2123 2124 2127 
3 2123 2127 2126 
3 2125 1925 1920 
3 2125 2126 2128 
3 2125 2128 1925 
3 2128 1939 1925 
3 2126 2127 2129 
3 2126 2129 2128 
3 2128 2129 1952 
3 2128 1952 1939 
3 2127 2130 2131 
3 2127 2131 2129 
3 2129 2131 1953 
3 2129 1953 1952 
3 2124 2132 2130 
3 2124 2130 2127 
3 2133 1956 1953 
3 2133 1953 2134 
3 2020 1784 1956 
3 2020 1956 2133 
3 2133 2135 2021 
3 2133 2021 2020 
3 2134 2136 2135 
3 2134 2135 2133 
3 2131 2130 2136 
3 2131 2136 2134 
3 2132 2137 2130 
3 2137 2138 2136 
3 2137 2136 2130 
3 2138 2139 2135 
3 2138 2135 2136 
3 2139 2027 2021 
3 2139 2021 2135 
3 2132 2140 2137 
3 2140 2141 2138 
3 2140 2138 2137 
3 2141 2142 2139 
3 2141 2139 2138 
3 2142 2031 2027 
3 2142 2027 2139 
3 2143 2144 2140 
3 2143 2140 2132 
3 2124 2145 2143 
3 2124 2143 2132 
3 2145 2146 2147 
3 2145 2147 2143 
3 2148 2145 2124 
3 2148 2124 2121 
3 1905 2149 2148 
3 1905 2148 1916 
3 2148 2121 2120 
3 2148 2120 1916 
3 2149 2146 2145 
3 2149 2145 2148 
3 1905 1904 2150 
3 1905 2150 2149 
3 2149 2150 2151 
3 2149 2151 2146 
3 2146 2151 2152 
3 2146 2152 2147 
3 2147 2153 2144 
3 2147 2144 2143 
3 1903 2154 2150 
3 1903 2150 1904 
3 2150 2154 2151 
3 1903 1898 2155 
3 1903 2155 2154 
3 2154 2155 2156 
3 2154 2156 2151 
3 2156 2152 2151 
3 2152 2157 2153 
3 2152 2153 2147 
3 2156 2158 2157 
3 2156 2157 2152 
3 2155 2159 2156 
3 2160 2159 2155 
3 2160 2155 1898 
3 1897 2161 1898 
3 1897 2162 2163 
3 1897 2163 2161 
3 2161 2164 1898 
3 2164 2160 1898 
3 2161 2163 2165 
3 2161 2165 2164 
3 2165 2160 2164 
3 2165 2166 2167 
3 2165 2167 2160 
3 2163 2168 2166 
3 2163 2166 2165 
3 2167 2169 2159 
3 2167 2159 2160 
3 2159 2170 2158 
3 2159 2158 2156 
3 2169 2171 2170 
3 2169 2170 2159 
3 2172 2173 2141 
3 2172 2141 2140 
3 2173 2174 2142 
3 2173 2142 2141 
3 2174 2064 2031 
3 2174 2031 2142 
3 2175 2065 2064 
3 2175 2064 2174 
3 2173 2176 2175 
3 2173 2175 2174 
3 2172 2177 2176 
3 2172 2176 2173 
3 2069 2065 2175 
3 2069 2175 1968 
3 2175 2176 1965 
3 2175 1965 1968 
3 2177 1966 1965 
3 2177 1965 2176 
3 2144 2178 2172 
3 2144 2172 2140 
3 2153 2179 2178 
3 2153 2178 2144 
3 2157 2179 2153 
3 2158 2179 2157 
3 2170 2180 2179 
3 2170 2179 2158 
3 2171 2181 2180 
3 2171 2180 2170 
3 2178 2182 2177 
3 2178 2177 2172 
3 2179 2183 2182 
3 2179 2182 2178 
3 2180 2184 2183 
3 2180 2183 2179 
3 2182 1967 1966 
3 2182 1966 2177 
3 2183 1969 1967 
3 2183 1967 2182 
3 2184 1970 1969 
3 2184 1969 2183 
3 2185 1971 1970 
3 2185 1970 2184 
3 2181 2185 2184 
3 2181 2184 2180 
3 2186 2187 2185 
3 2186 2185 2181 
3 2187 1972 1971 
3 2187 1971 2185 
3 2188 1973 1972 
3 2188 1972 2187 
3 2186 2189 2188 
3 2188 2187 2186 
3 2186 2181 2171 
3 2186 2171 2189 
3 2190 1974 1973 
3 2190 1973 2188 
3 2191 2190 2188 
3 2188 2189 2192 
3 2188 2192 2191 
3 2193 2194 2192 
3 2193 2192 2189 
3 2195 2193 2189 
3 2189 2171 2169 
3 2189 2169 2195 
3 2167 2196 2195 
3 2167 2195 2169 
3 2166 2197 2196 
3 2166 2196 2167 
3 2168 2198 2197 
3 2168 2197 2166 
3 2199 2197 2198 
3 1896 2200 2162 
3 1896 2162 1897 
3 1894 2201 2200 
3 1894 2200 1896 
3 1893 2201 1894 
3 1893 1305 1304 
3 1893 1304 2202 
3 1893 2202 2201 
3 1304 1303 2203 
3 1304 2203 2202 
3 1303 1302 2203 
3 1302 1494 2204 
3 2205 2203 1302 
3 2205 1302 2204 
3 2206 2203 2205 
3 2202 2203 2206 
3 2202 2206 2201 
3 2206 2207 2208 
3 2206 2208 2201 
3 2201 2208 2209 
3 2201 2209 2200 
3 1494 2210 2204 
3 2210 2211 2204 
3 2211 2212 2213 
3 2211 2213 2204 
3 2212 2214 2215 
3 2212 2215 2213 
3 2162 2216 2163 
3 2200 2209 2216 
3 2200 2216 2162 
3 2217 2168 2163 
3 2163 2218 2217 
3 2218 2219 2220 
3 2218 2220 2217 
3 2219 2221 2220 
3 2206 2205 2221 
3 2206 2221 2219 
3 2216 2222 2218 
3 2216 2218 2163 
3 2222 2223 2219 
3 2222 2219 2218 
3 2223 2207 2206 
3 2223 2206 2219 
3 2209 2208 2207 
3 2209 2207 2223 
3 2209 2223 2222 
3 2209 2222 2216 
3 2217 2198 2168 
3 2220 2198 2217 
3 2221 2224 2198 
3 2221 2198 2220 
3 2224 2194 2198 
3 2221 2225 2224 
3 2205 2225 2221 
3 2213 2215 2225 
3 2226 2213 2225 
3 2225 2205 2226 
3 2204 2213 2226 
3 2226 2205 2204 
3 2225 2215 2191 
3 2225 2191 2192 
3 2192 2194 2225 
3 2224 2225 2194 
3 2215 2214 2190 
3 2215 2190 2191 
3 2190 2214 1975 
3 2190 1975 1974 
3 2212 1976 1975 
3 2212 1975 2214 
3 2212 2211 1977 
3 2212 1977 1976 
3 1498 1977 2211 
3 1498 2211 2210 
3 2193 2196 2199 
3 2193 2199 2194 
3 2196 2197 2199 
3 2199 2198 2194 
3 2193 2195 2196 
3 1953 2131 2134 
3 1498 2210 1494 
3 1968 1800 2069 
3 506 866 2227 
3 506 2227 510 
3 510 2227 528 
3 2227 866 870 
3 528 2227 2228 
3 528 2228 534 
3 2228 2227 870 
3 2228 870 876 
3 2228 2229 534 
3 534 2229 2230 
3 534 2230 535 
3 2230 538 535 
3 538 2230 2231 
3 2231 2232 554 
3 2231 554 538 
3 2230 2229 2233 
3 2230 2233 2234 
3 2234 2231 2230 
3 2231 2234 2235 
3 2231 2235 2236 
3 2236 2232 2231 
3 2236 2237 2238 
3 2236 2238 2232 
3 2232 2238 550 
3 2232 550 554 
3 2237 2239 551 
3 2237 551 2238 
3 2238 551 550 
3 380 801 2240 
3 380 2240 2241 
3 2241 2240 2242 
3 2240 801 797 
3 2240 797 2243 
3 2243 797 796 
3 2243 796 2244 
3 2244 796 795 
3 2244 795 2245 
3 2245 795 787 
3 2245 787 2246 
3 2245 2246 2247 
3 2246 787 774 
3 774 765 2248 
3 774 2248 2249 
3 2249 2247 2246 
3 2249 2246 774 
3 764 2248 765 
3 764 761 2250 
3 764 2250 2248 
3 761 2251 2250 
3 2252 2253 2254 
3 2229 2228 876 
3 2229 876 2233 
3 2233 876 871 
3 2233 871 2255 
3 2255 871 862 
3 2255 862 2256 
3 2256 2257 2235 
3 2256 2235 2234 
3 2256 2234 2255 
3 2234 2233 2255 
3 2257 2256 2258 
3 2258 2256 862 
3 2258 862 2259 
3 2259 862 860 
3 878 2260 2261 
3 878 2261 860 
3 2259 860 2261 
3 878 1654 1652 
3 878 1652 2260 
3 1652 2262 2263 
3 1652 2263 2260 
3 1652 1649 2264 
3 1652 2264 2262 
3 2264 1649 1648 
3 2264 1648 2265 
3 2261 2260 2263 
3 2261 2263 2266 
3 2261 2266 2267 
3 2261 2267 2259 
3 2259 2267 2268 
3 2259 2268 2269 
3 2259 2269 2258 
3 2258 2269 2270 
3 2258 2270 2235 
3 2258 2235 2257 
3 2237 2236 2235 
3 2237 2235 2270 
3 2270 2271 2239 
3 2270 2239 2237 
3 551 2239 2272 
3 2272 2251 761 
3 2272 761 551 
3 2239 2271 2273 
3 2239 2273 2272 
3 2272 2273 2274 
3 2272 2274 2251 
3 2251 2274 2275 
3 2275 2276 2250 
3 2275 2250 2251 
3 2250 2276 2277 
3 2250 2277 2248 
3 2248 2278 2279 
3 2248 2279 2249 
3 2277 2280 2278 
3 2276 2275 2281 
3 2280 2277 2276 
3 2280 2276 2281 
3 2281 2275 2274 
3 2281 2274 2282 
3 2249 2279 2283 
3 2249 2283 2247 
3 2247 2283 2284 
3 2284 2245 2247 
3 2283 2285 2286 
3 2283 2286 2284 
3 2284 2286 2245 
3 2245 2286 2287 
3 2245 2287 2244 
3 2244 2287 2288 
3 2244 2288 2243 
3 2243 2289 2242 
3 2243 2242 2240 
3 2243 2288 2290 
3 2243 2290 2289 
3 2289 2290 2291 
3 2289 2291 2292 
3 2289 2292 2293 
3 2291 2290 2288 
3 2291 2288 2294 
3 2295 2294 2288 
3 2295 2288 2287 
3 2295 2287 2286 
3 2295 2286 2285 
3 2281 2282 2296 
3 2281 2296 2280 
3 2280 2297 2298 
3 2280 2298 2278 
3 2280 2296 2297 
3 2278 2298 2299 
3 2278 2299 2300 
3 2278 2300 2279 
3 2300 2301 2283 
3 2300 2299 2302 
3 2300 2302 2301 
3 2301 2302 2303 
3 2303 2304 2305 
3 2303 2305 2301 
3 2305 2306 2295 
3 2305 2295 2285 
3 2305 2304 2307 
3 2305 2307 2306 
3 2307 2308 2306 
3 2279 2300 2283 
3 2291 2294 2308 
3 2291 2308 2309 
3 2306 2308 2294 
3 2306 2294 2295 
3 2291 2309 2310 
3 2291 2310 2292 
3 2310 2311 2312 
3 2310 2312 2313 
3 2310 2313 2314 
3 2310 2314 2315 
3 2310 2309 2307 
3 2310 2307 2311 
3 2307 2309 2308 
3 2312 2311 2307 
3 2312 2307 2316 
3 2316 2307 2303 
3 2316 2303 2317 
3 2317 2302 2299 
3 2303 2307 2304 
3 2317 2303 2302 
3 2298 2318 2299 
3 2299 2318 2319 
3 2299 2319 2320 
3 2299 2320 2321 
3 2321 2320 2322 
3 2321 2322 2323 
3 2321 2323 2324 
3 2321 2324 2316 
3 2321 2316 2317 
3 2321 2317 2299 
3 2318 2298 2297 
3 2318 2297 2325 
3 2318 2325 2319 
3 2319 2325 2326 
3 2319 2326 2320 
3 2320 2326 2327 
3 2327 2328 2322 
3 2327 2322 2320 
3 2297 2296 2329 
3 2297 2329 2325 
3 2326 2329 2330 
3 2326 2330 2327 
3 2327 2330 2331 
3 2331 2332 2328 
3 2331 2328 2327 
3 2296 2282 2273 
3 2296 2273 2271 
3 2296 2271 2329 
3 2333 2329 2271 
3 2271 2270 2334 
3 2271 2334 2333 
3 2335 2331 2330 
3 2330 2329 2333 
3 2330 2333 2335 
3 2335 2336 2331 
3 2331 2336 2337 
3 2331 2337 2332 
3 2326 2325 2329 
3 2337 2336 2338 
3 2337 2338 2339 
3 2339 2338 2340 
3 2339 2340 2341 
3 2340 2342 2266 
3 2340 2266 2263 
3 2341 2340 2264 
3 2341 2264 2265 
3 2340 2262 2264 
3 2340 2263 2262 
3 2266 2342 2268 
3 2266 2268 2267 
3 2268 2342 2335 
3 2268 2335 2334 
3 2335 2333 2334 
3 2335 2342 2336 
3 2336 2342 2338 
3 2334 2270 2269 
3 2334 2269 2268 
3 2342 2340 2338 
3 2282 2274 2273 
3 2265 1648 1143 
3 2265 1143 2343 
3 1147 1150 2344 
3 1147 2344 2345 
3 1150 1152 2346 
3 1150 2346 2344 
3 2346 2347 2348 
3 2346 2348 2344 
3 2344 2348 2349 
3 2344 2349 2345 
3 2339 2349 2350 
3 2339 2350 2351 
3 2351 2337 2339 
3 2347 2352 2353 
3 2347 2353 2348 
3 2348 2353 2350 
3 2348 2350 2349 
3 2350 2354 2355 
3 2350 2355 2351 
3 2351 2355 2332 
3 2351 2332 2337 
3 2354 2350 2353 
3 2354 2353 2356 
3 2352 2357 2356 
3 2352 2356 2353 
3 2328 2332 2355 
3 2355 2354 2358 
3 2355 2358 2328 
3 2358 2354 2356 
3 2358 2356 2359 
3 2360 2359 2356 
3 2360 2356 2357 
3 2360 2361 2362 
3 2360 2362 2359 
3 2359 2362 2323 
3 2359 2323 2358 
3 2358 2323 2322 
3 2358 2322 2328 
3 2323 2362 2363 
3 2323 2363 2324 
3 2363 2362 2361 
3 2363 2361 2364 
3 2364 2313 2312 
3 2364 2312 2363 
3 2363 2312 2316 
3 2363 2316 2324 
3 1147 2345 2365 
3 1147 2365 2343 
3 1147 2343 1143 
3 2365 2341 2265 
3 2365 2265 2343 
3 2349 2339 2341 
3 2349 2341 2365 
3 2349 2365 2345 
3 2310 2315 2293 
3 2310 2293 2292 
3 2305 2285 2283 
3 2305 2283 2301 
3 2248 2277 2278 
3 501 486 1760 
3 2252 2254 2253 
3 881 501 1760 
3 881 1760 1654 
3 881 1654 878 
3 39 2366 445 
3 39 445 35 
3 58 2366 39 
3 449 445 2366 
3 65 2367 2366 
3 65 2366 58 
3 455 449 2366 
3 455 2366 2367 
3 65 2368 2367 
3 64 2369 2368 
3 64 2368 65 
3 64 67 2369 
3 2370 2369 67 
3 67 82 2371 
3 67 2371 2370 
3 2372 2373 2368 
3 2372 2368 2369 
3 2369 2370 2372 
3 2374 2375 2372 
3 2374 2372 2370 
3 2370 2371 2374 
3 2371 2376 2377 
3 2371 2377 2374 
3 82 80 2376 
3 82 2376 2371 
3 2376 79 2378 
3 2376 2378 2377 
3 80 79 2376 
3 2241 2379 379 
3 2241 379 380 
3 2242 2379 2241 
3 2380 372 379 
3 2380 379 2379 
3 2381 371 372 
3 2381 372 2380 
3 2382 370 371 
3 2382 371 2381 
3 2383 2384 361 
3 2383 361 370 
3 2383 370 2382 
3 349 361 2384 
3 2385 2386 340 
3 2385 340 349 
3 349 2384 2383 
3 349 2383 2385 
3 340 2386 338 
3 2386 2387 335 
3 2386 335 338 
3 2387 2388 335 
3 2389 2390 2391 
3 2373 455 2367 
3 2373 2367 2368 
3 2392 451 455 
3 2392 455 2373 
3 2393 442 451 
3 2393 451 2392 
3 2392 2372 2375 
3 2392 2375 2394 
3 2392 2394 2393 
3 2392 2373 2372 
3 2395 2393 2394 
3 2396 442 2393 
3 2396 2393 2395 
3 440 442 2396 
3 440 2397 2398 
3 440 2398 458 
3 2397 440 2396 
3 2398 1829 1831 
3 2398 1831 458 
3 2398 2399 2400 
3 2398 2400 1829 
3 2400 2401 1826 
3 2400 1826 1829 
3 2402 1827 1826 
3 2402 1826 2401 
3 2403 2399 2398 
3 2403 2398 2397 
3 2396 2404 2403 
3 2396 2403 2397 
3 2395 2405 2406 
3 2395 2406 2404 
3 2395 2404 2396 
3 2394 2375 2407 
3 2394 2407 2405 
3 2394 2405 2395 
3 2407 2375 2374 
3 2407 2374 2377 
3 2377 2378 2408 
3 2377 2408 2407 
3 2409 2378 79 
3 79 335 2388 
3 79 2388 2409 
3 2409 2410 2408 
3 2409 2408 2378 
3 2388 2411 2410 
3 2388 2410 2409 
3 2412 2411 2388 
3 2388 2387 2413 
3 2388 2413 2412 
3 2386 2414 2413 
3 2386 2413 2387 
3 2385 2415 2416 
3 2385 2416 2386 
3 2416 2417 2414 
3 2418 2412 2413 
3 2418 2413 2414 
3 2418 2414 2417 
3 2419 2411 2412 
3 2419 2412 2418 
3 2383 2420 2415 
3 2383 2415 2385 
3 2421 2420 2383 
3 2383 2382 2421 
3 2421 2422 2423 
3 2421 2423 2420 
3 2382 2422 2421 
3 2381 2424 2422 
3 2381 2422 2382 
3 2380 2425 2424 
3 2380 2424 2381 
3 2379 2242 2289 
3 2379 2289 2380 
3 2289 2426 2425 
3 2289 2425 2380 
3 2293 2427 2428 
3 2293 2428 2426 
3 2293 2426 2289 
3 2429 2425 2426 
3 2429 2426 2428 
3 2424 2425 2429 
3 2424 2429 2430 
3 2423 2422 2424 
3 2423 2424 2430 
3 2417 2431 2419 
3 2417 2419 2418 
3 2416 2432 2433 
3 2416 2433 2417 
3 2433 2431 2417 
3 2415 2434 2435 
3 2415 2435 2432 
3 2415 2432 2416 
3 2420 2436 2434 
3 2436 2437 2435 
3 2436 2435 2434 
3 2438 2437 2436 
3 2436 2439 2440 
3 2436 2440 2438 
3 2423 2430 2441 
3 2423 2441 2439 
3 2441 2442 2440 
3 2441 2440 2439 
3 2441 2443 2442 
3 2420 2434 2415 
3 2444 2443 2429 
3 2444 2429 2428 
3 2430 2429 2443 
3 2430 2443 2441 
3 2427 2445 2444 
3 2427 2444 2428 
3 2446 2447 2445 
3 2315 2314 2313 
3 2315 2313 2446 
3 2315 2446 2445 
3 2447 2442 2444 
3 2447 2444 2445 
3 2443 2444 2442 
3 2448 2442 2447 
3 2448 2447 2446 
3 2449 2438 2442 
3 2449 2442 2448 
3 2435 2437 2449 
3 2440 2442 2438 
3 2437 2438 2449 
3 2435 2450 2432 
3 2451 2450 2435 
3 2452 2453 2451 
3 2452 2451 2435 
3 2454 2453 2452 
3 2455 2456 2454 
3 2455 2454 2452 
3 2435 2449 2448 
3 2435 2448 2455 
3 2435 2455 2452 
3 2433 2432 2450 
3 2451 2457 2433 
3 2451 2433 2450 
3 2453 2458 2457 
3 2453 2457 2451 
3 2459 2458 2453 
3 2453 2454 2460 
3 2453 2460 2459 
3 2457 2461 2431 
3 2457 2431 2433 
3 2459 2462 2461 
3 2459 2461 2458 
3 2463 2462 2459 
3 2459 2460 2464 
3 2459 2464 2463 
3 2410 2419 2431 
3 2461 2408 2410 
3 2461 2410 2431 
3 2408 2461 2465 
3 2465 2466 2407 
3 2465 2407 2408 
3 2462 2463 2467 
3 2467 2465 2461 
3 2467 2461 2462 
3 2463 2468 2467 
3 2464 2469 2468 
3 2464 2468 2463 
3 2461 2457 2458 
3 2470 2471 2468 
3 2470 2468 2469 
3 2472 2473 2471 
3 2472 2471 2470 
3 2399 2403 2474 
3 2399 2474 2473 
3 2402 2401 2473 
3 2402 2473 2472 
3 2401 2400 2473 
3 2400 2399 2473 
3 2404 2406 2474 
3 2404 2474 2403 
3 2466 2467 2474 
3 2466 2474 2406 
3 2466 2465 2467 
3 2468 2474 2467 
3 2471 2474 2468 
3 2406 2405 2407 
3 2406 2407 2466 
3 2471 2473 2474 
3 2410 2411 2419 
3 2475 1528 1827 
3 2475 1827 2402 
3 2476 2477 1535 
3 2476 1535 1533 
3 2477 2346 1152 
3 2477 1152 1535 
3 2477 2478 2347 
3 2477 2347 2346 
3 2476 2479 2478 
3 2476 2478 2477 
3 2480 2481 2479 
3 2480 2479 2470 
3 2470 2469 2480 
3 2478 2482 2352 
3 2478 2352 2347 
3 2479 2481 2482 
3 2479 2482 2478 
3 2480 2483 2484 
3 2480 2484 2481 
3 2469 2464 2483 
3 2469 2483 2480 
3 2485 2482 2481 
3 2485 2481 2484 
3 2482 2485 2357 
3 2482 2357 2352 
3 2483 2464 2460 
3 2460 2486 2484 
3 2460 2484 2483 
3 2487 2485 2484 
3 2487 2484 2486 
3 2357 2485 2487 
3 2357 2487 2360 
3 2487 2488 2361 
3 2487 2361 2360 
3 2486 2456 2488 
3 2486 2488 2487 
3 2460 2454 2456 
3 2460 2456 2486 
3 2455 2489 2488 
3 2455 2488 2456 
3 2364 2361 2488 
3 2364 2488 2489 
3 2489 2446 2313 
3 2489 2313 2364 
3 2455 2448 2446 
3 2455 2446 2489 
3 1528 2475 2490 
3 1528 2490 2476 
3 1528 2476 1533 
3 2475 2402 2472 
3 2475 2472 2490 
3 2476 2490 2472 
3 2476 2472 2470 
3 2476 2470 2479 
3 2427 2293 2315 
3 2427 2315 2445 
3 2436 2420 2423 
3 2436 2423 2439 
3 2416 2414 2386 
3 1936 14 31 
3 2390 2389 2391 
3 458 1831 1936 
3 458 1936 31 
3 458 31 459 
3 321 386 2491 
3 321 2491 385 
3 385 2491 387 
3 2491 386 388 
3 2491 388 2492 
3 2492 388 389 
3 2492 389 2493 
3 2493 389 390 
3 2493 390 2494 
3 2495 391 392 
3 2495 392 404 
3 2494 390 391 
3 2494 391 2495 
3 404 392 84 
3 395 387 2491 
3 395 2491 2492 
3 395 2492 2493 
3 395 2493 399 
3 399 2493 2494 
3 399 2494 397 
3 397 2494 2495 
3 397 2495 398 
3 398 2495 404 
3 806 2496 807 
3 806 807 751 
3 808 2496 806 
3 2497 809 807 
3 2497 807 2496 
3 2498 810 809 
3 2498 809 2497 
3 2499 811 810 
3 2499 810 2498 
3 826 813 812 
3 826 812 2500 
3 2500 812 811 
3 2500 811 2499 
3 555 813 826 
3 2497 2496 808 
3 2497 808 816 
3 821 2498 2497 
3 821 2497 816 
3 818 2499 2498 
3 818 2498 821 
3 817 2500 2499 
3 817 2499 818 
3 826 2500 817 
3 2501 414 426 
3 414 2501 2502 
3 414 2502 434 
3 434 2502 433 
3 432 433 2503 
3 432 2503 2504 
3 432 2504 431 
3 2504 430 431 
3 847 835 2505 
3 855 2506 2505 
3 855 2505 835 
3 854 2506 855 
3 2507 854 853 
3 852 2508 2507 
3 852 2507 853 
3 852 851 2508 
3 2501 426 427 
3 2501 427 2509 
3 429 430 2504 
3 429 2504 2510 
3 2511 2510 2504 
3 2511 2504 2503 
3 2512 2511 2503 
3 2512 2503 433 
3 2513 2512 433 
3 2513 433 2502 
3 2509 2513 2502 
3 2509 2502 2501 
3 2514 848 847 
3 2514 847 2505 
3 2515 2508 851 
3 2515 851 850 
3 2507 2508 2515 
3 2507 2515 2516 
3 854 2507 2516 
3 854 2516 2517 
3 2506 854 2517 
3 2506 2517 2518 
3 2505 2506 2518 
3 2505 2518 2514 
3 429 2519 428 
3 428 2519 427 
3 427 2519 2509 
3 2509 2519 2513 
3 2513 2519 2512 
3 2512 2519 2511 
3 2511 2519 2510 
3 2510 2519 429 
3 849 2520 850 
3 848 2520 849 
3 2514 2520 848 
3 2518 2520 2514 
3 2517 2520 2518 
3 2516 2520 2517 
3 2515 2520 2516 
3 850 2520 2515 
