-0.093362 -0.478222 0.606843
-0.096537 -0.571215 0.609019
0 -0.557739 0.616228
0 -0.471817 0.617078
-0.224965 -0.434611 0.626931
-1.19966 0.612319 -0.11444
-1.23796 0.865933 -0.239116
-1.31316 0.598818 -0.121402
-1.26539 0.325109 -0.014263
-1.1421 0.357713 0.080797
-1.17217 0.003799 0.288578
-0.99264 0.08779 0.368875
-1.03891 -0.054216 0.599331
-0.958007 0.004663 0.540421
-1.26926 1.2552 -0.337076
-1.30361 1.16541 -0.035682
-1.25673 0.831771 0.001709
-1.24666 0.626933 0.095034
-1.1813 0.382558 0.276478
-0.997234 0.135594 0.524613
-0.968603 0.04749 0.672441
-1.36037 1.12934 0.147805
-1.31317 0.827262 0.178592
-1.32188 0.686917 0.300153
-1.237 0.437886 0.578947
-1.12969 0.202209 0.82517
-1.07181 0.081753 0.940408
-0.864304 -0.095589 1.08681
-0.808878 -0.108006 0.862693
-0.785511 -0.113481 0.744561
-1.30133 1.30903 -0.013709
-1.28815 1.33112 -0.224217
-1.40378 1.25315 0.12468
-1.41714 1.19959 0.285955
-1.37215 1.07701 0.29865
-1.42851 1.24986 0.363487
-1.35164 0.73068 0.417285
-1.24432 0.569741 0.680281
-1.37109 0.959788 0.536405
-1.36065 1.21984 0.665852
-1.14461 0.348289 0.821948
-1.0651 0.150062 0.951618
-0.886429 -0.041894 1.13485
-0.951259 0.096646 1.22069
-1.07768 0.29395 1.02055
-1.26092 0.785572 0.842069
-1.20598 0.682387 0.998162
-1.17568 0.520922 0.896839
-1.08251 0.41625 1.08209
-1.08601 0.590441 1.15726
-0.941793 0.371891 1.29654
-0.964148 0.504018 1.38958
-0.949137 0.239988 1.24238
-1.28681 1.01372 0.965487
-1.22543 0.911496 1.11728
-1.13018 0.804388 1.26372
-0.997671 0.714594 1.46985
-1.35283 1.41507 0.76269
-1.38406 1.43823 0.638337
-1.29641 1.28984 1.08212
-1.25788 1.18168 1.26751
-1.1587 1.08166 1.42142
-1.01955 0.988808 1.65043
-1.34119 1.65633 0.806411
-1.38958 1.76066 0.867844
-1.48425 1.63208 0.642222
-1.34749 1.61612 0.871266
-1.3836 1.80876 1.02587
-1.30342 1.44982 1.14884
-1.25624 1.37225 1.34042
-1.19687 1.30399 1.5246
-1.0659 1.20865 1.71303
-0.844796 0.640292 1.68219
-1.14621 1.4615 1.74629
-1.06797 1.42393 1.77231
-1.21904 1.50742 1.66165
-1.29148 1.58495 1.51498
-1.34795 1.67516 1.34008
-1.29202 2.29351 1.74208
-1.42038 2.45347 1.47512
-1.40021 2.17374 1.27659
-1.30041 2.06651 1.59589
-1.39207 1.99493 1.17958
-1.35371 1.8873 1.4759
-1.16107 1.93441 1.775
-1.15743 2.09869 1.98279
-1.2504 1.79407 1.69251
-1.1553 1.72621 1.77839
-1.03268 1.65597 1.83579
-1.08228 1.85761 1.86166
-0.991261 1.74717 1.86272
-0.66883 -0.133086 1.38482
-0.605833 -0.237692 1.3316
-0.696418 -0.024416 1.42338
-0.679076 -0.223769 1.08672
-0.681201 -0.189988 0.897274
-0.517345 -0.29906 1.42263
-0.47636 -0.318326 1.24449
-0.472171 -0.319164 1.08452
-0.475894 -0.29839 0.931689
-0.6181 -0.168267 1.43931
-0.532043 -0.188259 1.56374
-0.416522 -0.315333 1.58362
-0.385661 -0.338703 1.48631
-0.297379 -0.368494 1.45997
-0.314927 -0.362307 1.35231
-0.310459 -0.370836 1.19103
-0.325354 -0.3705 1.07187
-0.290747 -0.351774 0.892697
-0.282196 -0.332769 1.65678
-0.259483 -0.362621 1.54581
-0.096673 -0.315136 1.71702
-0.07776 -0.351505 1.5989
0 -0.307163 1.71678
0 -0.337078 1.60398
-0.11417 -0.383655 1.53716
0 -0.375667 1.54744
0 -0.391969 1.43852
-0.122677 -0.386415 1.44104
0 -0.391004 1.31519
-0.135317 -0.392239 1.31028
-0.132397 -0.409716 1.15829
0 -0.4073 1.14026
-0.145465 -0.408123 1.02854
0 -0.409347 0.992633
-0.152053 -0.370044 0.86114
0 -0.371925 0.821067
-0.143397 -0.343689 0.728104
0 -0.357342 0.720637
-0.276279 -0.316745 0.701162
-0.412154 -0.205409 1.68394
-0.291315 -0.209898 1.76757
-0.082305 -0.23669 1.77027
0 -0.220695 1.76488
-0.133829 -0.186136 1.77357
-0.065653 -0.117723 1.80772
-0.070935 -0.066474 1.82545
0 -0.045579 1.86247
0 -0.084188 1.83263
-0.257796 -0.128864 1.75262
-0.238682 -0.059001 1.75553
-0.404022 -0.057416 1.67429
-0.476644 -0.050701 1.59478
-0.552883 -0.047095 1.53638
-0.72068 0.102483 1.44324
-0.607757 0.091845 1.51309
-0.439127 0.053185 1.61893
-0.35772 0.05727 1.69059
-0.226956 0.072274 1.80652
-0.060318 0.07373 1.86736
0 0.080414 1.9033
-0.324676 0.127456 1.72334
-0.386141 0.220323 1.7223
-0.320505 0.141799 1.73579
-0.313339 0.209882 1.78101
-0.471391 0.225149 1.66446
-0.575916 0.238576 1.58005
-0.762829 0.246984 1.49524
0 0.170935 1.88076
-0.069361 0.164459 1.85226
-0.228307 0.154997 1.81236
-0.232922 0.168293 1.81618
-0.20816 0.220833 1.85825
-0.071777 0.180417 1.85789
-0.086023 0.243535 1.9378
0 0.186778 1.88407
0 0.248996 1.94903
0 0.284272 2.00052
-0.07365 0.277933 1.97274
-0.193681 0.263527 1.9144
-0.291142 0.266477 1.83264
-0.385333 0.280193 1.7673
-0.469844 0.312862 1.70004
0 -0.158265 1.77312
-0.561159 0.337266 1.69072
-0.58434 0.353769 1.68961
-0.636702 0.376537 1.67182
-0.790274 0.394847 1.58418
-0.449321 0.382192 1.73856
-0.343124 0.350456 1.82089
-0.266822 0.342211 1.91151
-0.158775 0.331242 1.97493
-0.0486 0.326522 1.98769
0 0.329461 2.02069
0 0.360331 2.0133
-0.043045 0.36448 1.99338
-0.158212 0.381306 1.95139
-0.245268 0.380848 1.90076
-0.323899 0.382911 1.81341
-0.460064 0.430666 1.71922
-0.344289 0.406637 1.83835
-0.255007 0.404932 1.88885
-0.163628 0.40845 1.94775
-0.055541 0.40733 1.96575
0 0.397424 1.97967
-0.341215 0.414218 1.84225
-0.23862 0.413229 1.88099
-0.145206 0.414588 1.94708
-0.044394 0.411907 1.96716
0 0.40589 1.97504
-0.041735 0.456187 2.01406
0 0.449223 2.04636
-0.14716 0.464641 2.00163
-0.239029 0.456758 1.9165
0 0.468383 2.07879
-0.03677 0.483633 2.0776
-0.143092 0.491804 2.0499
-0.245183 0.479875 2.00913
-0.336416 0.460032 1.91926
-0.355035 0.52823 1.9758
-0.258464 0.547844 2.04155
-0.142186 0.547709 2.09155
-0.050051 0.532402 2.1442
0 0.543088 2.14874
-0.439771 0.529104 1.8763
-0.512286 0.50057 1.83043
-0.568693 0.448882 1.7899
-0.671436 0.503081 1.74506
-0.682462 0.624455 1.81073
-0.507632 0.602478 1.87439
-0.444401 0.608461 1.91491
-0.340154 0.602725 2.00063
-0.24088 0.683499 2.07051
-0.325949 0.684599 2.02664
-0.108692 0.664232 2.09868
-0.027575 0.656342 2.1501
0 0.645054 2.15622
-0.438461 0.691844 1.98387
-0.511163 0.702227 1.93283
-0.689729 0.709366 1.86079
-0.891639 0.946287 1.84611
-0.716621 0.885393 1.91495
-0.498711 0.814368 1.963
-0.389916 0.804071 1.97121
-0.315485 0.79891 2.04016
-0.202297 0.784284 2.08174
-0.101304 0.756621 2.10268
0 0.733657 2.14121
-0.900515 1.16806 1.85528
-0.744744 1.11177 1.9377
-0.55736 1.06015 1.99937
-0.384455 1.03698 2.01796
-0.380896 0.915372 1.96048
-0.350573 0.859098 1.97207
-0.353165 0.939698 1.9879
-0.367133 0.88501 2.00986
-0.301454 0.849319 2.01693
-0.199972 0.853192 2.03151
-0.082569 0.79351 2.12234
0 0.780302 2.16455
-0.358499 1.13587 2.03762
-0.313961 1.1035 2.1243
-0.251755 1.12825 2.25079
-0.250109 1.20826 2.22981
-0.323421 1.22979 2.15258
-0.212153 1.25309 2.31031
-0.214941 1.11343 2.31677
-0.357993 0.947133 2.0097
-0.308167 0.891267 2.09958
-0.247574 0.867584 2.07451
-0.291854 0.903935 2.12686
-0.308845 0.977413 2.14564
-0.574497 1.28293 1.94031
-0.724999 1.31976 1.88919
-0.908878 1.38587 1.83602
-0.326531 1.42844 2.16467
-0.577303 1.44231 2.0132
-0.726249 1.45289 1.93077
-0.900317 1.60521 1.87022
-0.257015 0.962623 2.21996
-0.250845 0.89254 2.22711
-0.182226 0.953741 2.37137
-0.208692 0.93333 2.28578
-0.195555 0.856733 2.34328
-0.17111 1.09616 2.40578
-0.139966 1.25039 2.41784
-0.051121 1.07132 2.46941
-0.071682 0.913681 2.4866
-0.100151 0.855922 2.44462
-0.102183 0.818842 2.43327
0 0.792142 2.44991
0 0.840963 2.49267
-0.059178 1.24613 2.4637
0 0.886066 2.49886
-0.121931 0.787974 2.31402
0 0.766279 2.36721
-0.174241 0.798512 2.30395
-0.213937 0.842269 2.21559
-0.229106 0.881785 2.14673
-0.093307 0.808868 2.22829
0 0.786166 2.26468
0 1.05357 2.46826
0 1.22967 2.47725
-0.042104 1.464 2.47399
0 1.45802 2.48713
-0.115906 1.45399 2.40313
-0.185694 1.45113 2.33933
-0.106878 1.64371 2.41996
-0.164299 1.64827 2.35718
-0.037208 1.62841 2.47879
0 1.63259 2.49339
-0.24043 1.44397 2.25574
-0.202382 1.66246 2.25116
-0.332835 1.57299 2.174
-0.25313 1.69794 2.1967
-0.037269 1.73782 2.43803
0 1.73663 2.45711
-0.105125 1.74445 2.38554
-0.158929 1.75398 2.33187
-0.190782 1.75425 2.26133
0 1.79882 2.48198
-0.041248 1.80665 2.45209
-0.097157 1.82292 2.41696
-0.172705 1.81171 2.35628
-0.21669 1.80113 2.30218
0 1.8778 2.55249
-0.072641 1.87762 2.53715
-0.141212 1.89106 2.46315
-0.175663 1.86447 2.4192
-0.089632 1.95109 2.57513
0 1.95043 2.57796
-0.205103 1.93606 2.50167
-0.115729 2.03689 2.6108
0 2.03621 2.62214
-0.252663 1.98971 2.53937
-0.085173 2.16728 2.64738
-0.252006 2.12434 2.62606
0 2.15948 2.64098
-0.091552 2.28404 2.65281
0 2.29324 2.63998
-0.122377 2.44925 2.67143
0 2.46433 2.68067
-0.256576 2.24265 2.65933
-0.277904 2.35228 2.63833
-0.280946 2.48356 2.69042
-1.33881 2.72968 1.68696
-1.16074 2.63157 2.02808
-1.06575 2.24078 2.27664
-1.29554 2.97586 1.87609
-1.15418 2.99513 2.18852
-1.24917 3.13003 2.06285
-1.01787 2.80159 2.30795
-1.01522 2.53592 2.28015
-0.790139 2.24204 2.55146
-0.780496 2.40331 2.56065
-0.791082 2.61956 2.55187
-0.800991 2.7573 2.60927
-1.02772 2.97115 2.35895
-1.10956 3.17923 2.32438
-1.22871 3.22082 2.19659
-1.04343 3.13633 2.44158
-0.78191 3.12277 2.65059
-0.789318 2.95937 2.65788
-0.446992 2.3155 2.66702
-0.568644 2.18558 2.6076
-0.522196 2.51712 2.68231
-0.586157 2.74311 2.69268
-0.602808 2.91916 2.69357
-0.60362 3.1509 2.68875
-0.799644 3.34926 2.56425
-0.585669 3.34991 2.6497
-1.06235 3.34983 2.39193
-0.422407 2.21643 2.6125
-0.391108 2.07932 2.55952
-0.346132 2.72844 2.67542
-0.18079 2.72313 2.7286
0 2.71017 2.72739
-0.389971 2.93471 2.67012
-0.405038 3.15928 2.71148
-0.384682 3.35613 2.68916
-0.814242 3.41664 2.46057
-0.605427 3.43673 2.6254
-0.377767 3.41668 2.69948
-0.211126 2.91988 2.74086
0 2.91091 2.7679
-0.197682 3.16269 2.77402
0 3.14418 2.75277
-0.200928 3.32556 2.70873
0 3.32677 2.7139
-0.191664 3.35213 2.74218
0 3.40189 2.67704
-0.208998 1.85424 2.36698
-0.229374 1.75978 2.20476
-0.246421 1.80144 2.22994
-0.241221 1.86071 2.36154
-0.231208 1.9082 2.47048
-0.290521 1.94855 2.54259
-0.302358 1.89607 2.41618
-0.407271 1.99189 2.51572
-0.599913 2.0669 2.56194
-0.818046 2.1024 2.49198
-1.0702 2.13112 2.23178
-1.12645 2.07156 1.96811
-0.307572 1.87232 2.36167
-0.475958 1.93065 2.42688
-0.446881 1.90596 2.50628
-0.780522 2.03302 2.33935
-0.807406 2.02769 2.42203
-1.01558 2.067 2.21593
-0.641413 1.97545 2.47929
-0.620493 2.01165 2.39459
-0.629815 1.95698 2.3956
-0.760623 1.98149 2.32984
-0.944004 1.96518 2.20341
-1.0949 2.04101 1.98076
-1.04067 1.9453 2.02694
-0.463554 1.89702 2.39654
-0.609915 1.90172 2.35804
-0.726872 1.91296 2.33728
-0.9074 1.88305 2.19846
-1.00443 1.87095 2.02264
-1.00585 1.8185 1.89824
-0.285824 1.74761 2.2144
-0.328278 1.86398 2.30102
-0.333298 1.80098 2.19662
-0.83178 1.66618 1.95878
-0.898667 1.79549 1.9431
-0.703251 1.60455 2.01335
-0.564198 1.58256 2.06426
-0.383179 1.64027 2.16866
-0.915714 1.83715 1.96828
-0.89338 1.85076 1.99117
-0.86685 1.87544 2.16058
-0.708905 1.89169 2.27666
-0.592987 1.89901 2.29146
-0.463218 1.89306 2.31285
-0.377943 1.84138 2.22156
-0.514841 1.86491 2.23481
-0.580052 1.86372 2.23314
-0.675458 1.86244 2.22329
-0.784839 1.84839 2.14763
-0.853135 1.81502 1.98791
-0.723749 1.74229 2.0685
-0.576331 1.71873 2.13213
-0.426383 1.72486 2.15067
-1.51668 1.23253 0.172
-1.55522 1.27752 0.221274
-1.68012 1.4207 0.135408
-1.69772 1.39136 0.061103
-1.76508 1.56761 0.096612
-1.77047 1.54758 0.014896
-1.6834 1.62278 0.120248
-1.76354 1.69084 0.209278
-1.62339 1.50022 0.141284
-1.54001 1.37985 0.211439
-1.42687 1.33361 0.370559
-1.59558 1.5336 0.190428
-1.66735 1.63944 0.175785
-1.52143 1.46109 0.243872
-1.47007 1.49324 0.36938
-1.65351 1.65796 0.26981
-1.70217 1.69121 0.287679
-1.60008 1.57741 0.262643
-1.53974 1.55742 0.265791
-1.53022 1.5766 0.297969
-1.62093 1.64777 0.357712
-1.60482 1.69202 0.267614
-1.58426 1.54614 -0.121393
-1.56812 1.45231 -0.160167
-1.34718 1.43508 -0.164662
-1.42274 1.57302 -0.136412
-1.40844 1.43859 -0.048195
-1.39182 1.30176 0.001039
-1.44699 1.30625 0.057701
-1.418 1.56494 -0.075583
-0.111949 0.905611 2.24548
-0.13401 0.910055 2.24123
-0.095349 0.907946 2.16464
-0.099877 0.914423 2.20932
-0.144862 0.933115 2.12633
-0.164937 0.939185 2.14447
-0.150751 0.928509 2.20397
-0.157148 0.945174 2.17493
0.096537 -0.571215 0.609019
0.093362 -0.478222 0.606843
0.224965 -0.434611 0.626931
1.31316 0.598818 -0.121402
1.23796 0.865933 -0.239116
1.19966 0.612319 -0.11444
1.1421 0.357713 0.080797
1.26539 0.325109 -0.014263
0.99264 0.08779 0.368875
1.17217 0.003799 0.288578
0.958007 0.004663 0.540421
1.03891 -0.054216 0.599331
1.30361 1.16541 -0.035682
1.26926 1.2552 -0.337076
1.25673 0.831771 0.001709
1.24666 0.626933 0.095034
1.1813 0.382558 0.276478
0.997234 0.135594 0.524613
0.968603 0.04749 0.672441
1.31317 0.827262 0.178592
1.36037 1.12934 0.147805
1.32188 0.686917 0.300153
1.237 0.437886 0.578947
1.12969 0.202209 0.82517
1.07181 0.081753 0.940408
0.808878 -0.108006 0.862693
0.864304 -0.095589 1.08681
0.785511 -0.113481 0.744561
1.28815 1.33112 -0.224217
1.30133 1.30903 -0.013709
1.40378 1.25315 0.12468
1.37215 1.07701 0.29865
1.41714 1.19959 0.285955
1.42851 1.24986 0.363487
1.35164 0.73068 0.417285
1.24432 0.569741 0.680281
1.37109 0.959788 0.536405
1.36065 1.21984 0.665852
1.14461 0.348289 0.821948
1.0651 0.150062 0.951618
0.886429 -0.041894 1.13485
0.951259 0.096646 1.22069
1.07768 0.29395 1.02055
1.26092 0.785572 0.842069
1.17568 0.520922 0.896839
1.20598 0.682387 0.998162
1.08251 0.41625 1.08209
1.08601 0.590441 1.15726
0.964148 0.504018 1.38958
0.941793 0.371891 1.29654
0.949137 0.239988 1.24238
1.28681 1.01372 0.965487
1.22543 0.911496 1.11728
1.13018 0.804388 1.26372
0.997671 0.714594 1.46985
1.38406 1.43823 0.638337
1.35283 1.41507 0.76269
1.29641 1.28984 1.08212
1.25788 1.18168 1.26751
1.1587 1.08166 1.42142
1.01955 0.988808 1.65043
1.48425 1.63208 0.642222
1.38958 1.76066 0.867844
1.34119 1.65633 0.806411
1.34749 1.61612 0.871266
1.3836 1.80876 1.02587
1.30342 1.44982 1.14884
1.25624 1.37225 1.34042
1.19687 1.30399 1.5246
1.0659 1.20865 1.71303
0.844796 0.640292 1.68219
1.06797 1.42393 1.77231
1.14621 1.4615 1.74629
1.21904 1.50742 1.66165
1.29148 1.58495 1.51498
1.34795 1.67516 1.34008
1.30041 2.06651 1.59589
1.40021 2.17374 1.27659
1.42038 2.45347 1.47512
1.29202 2.29351 1.74208
1.35371 1.8873 1.4759
1.39207 1.99493 1.17958
1.16107 1.93441 1.775
1.15743 2.09869 1.98279
1.2504 1.79407 1.69251
1.1553 1.72621 1.77839
1.03268 1.65597 1.83579
1.08228 1.85761 1.86166
0.991261 1.74717 1.86272
0.605833 -0.237692 1.3316
0.66883 -0.133086 1.38482
0.696418 -0.024416 1.42338
0.679076 -0.223769 1.08672
0.681201 -0.189988 0.897274
0.47636 -0.318326 1.24449
0.517345 -0.29906 1.42263
0.472171 -0.319164 1.08452
0.475894 -0.29839 0.931689
0.6181 -0.168267 1.43931
0.532043 -0.188259 1.56374
0.385661 -0.338703 1.48631
0.416522 -0.315333 1.58362
0.314927 -0.362307 1.35231
0.297379 -0.368494 1.45997
0.310459 -0.370836 1.19103
0.325354 -0.3705 1.07187
0.290747 -0.351774 0.892697
0.259483 -0.362621 1.54581
0.282196 -0.332769 1.65678
0.07776 -0.351505 1.5989
0.096673 -0.315136 1.71702
0.11417 -0.383655 1.53716
0.122677 -0.386415 1.44104
0.135317 -0.392239 1.31028
0.132397 -0.409716 1.15829
0.145465 -0.408123 1.02854
0.152053 -0.370044 0.86114
0.143397 -0.343689 0.728104
0.276279 -0.316745 0.701162
0.412154 -0.205409 1.68394
0.291315 -0.209898 1.76757
0.133829 -0.186136 1.77357
0.082305 -0.23669 1.77027
0.257796 -0.128864 1.75262
0.065653 -0.117723 1.80772
0.070935 -0.066474 1.82545
0.238682 -0.059001 1.75553
0.404022 -0.057416 1.67429
0.476644 -0.050701 1.59478
0.552883 -0.047095 1.53638
0.72068 0.102483 1.44324
0.607757 0.091845 1.51309
0.439127 0.053185 1.61893
0.35772 0.05727 1.69059
0.226956 0.072274 1.80652
0.060318 0.07373 1.86736
0.324676 0.127456 1.72334
0.313339 0.209882 1.78101
0.320505 0.141799 1.73579
0.386141 0.220323 1.7223
0.471391 0.225149 1.66446
0.575916 0.238576 1.58005
0.762829 0.246984 1.49524
0.069361 0.164459 1.85226
0.228307 0.154997 1.81236
0.20816 0.220833 1.85825
0.232922 0.168293 1.81618
0.086023 0.243535 1.9378
0.071777 0.180417 1.85789
0.07365 0.277933 1.97274
0.193681 0.263527 1.9144
0.291142 0.266477 1.83264
0.385333 0.280193 1.7673
0.469844 0.312862 1.70004
0.561159 0.337266 1.69072
0.636702 0.376537 1.67182
0.58434 0.353769 1.68961
0.790274 0.394847 1.58418
0.343124 0.350456 1.82089
0.449321 0.382192 1.73856
0.266822 0.342211 1.91151
0.158775 0.331242 1.97493
0.0486 0.326522 1.98769
0.043045 0.36448 1.99338
0.158212 0.381306 1.95139
0.245268 0.380848 1.90076
0.323899 0.382911 1.81341
0.460064 0.430666 1.71922
0.344289 0.406637 1.83835
0.255007 0.404932 1.88885
0.163628 0.40845 1.94775
0.055541 0.40733 1.96575
0.341215 0.414218 1.84225
0.23862 0.413229 1.88099
0.145206 0.414588 1.94708
0.044394 0.411907 1.96716
0.041735 0.456187 2.01406
0.14716 0.464641 2.00163
0.239029 0.456758 1.9165
0.03677 0.483633 2.0776
0.143092 0.491804 2.0499
0.245183 0.479875 2.00913
0.336416 0.460032 1.91926
0.355035 0.52823 1.9758
0.258464 0.547844 2.04155
0.142186 0.547709 2.09155
0.050051 0.532402 2.1442
0.439771 0.529104 1.8763
0.512286 0.50057 1.83043
0.568693 0.448882 1.7899
0.671436 0.503081 1.74506
0.682462 0.624455 1.81073
0.507632 0.602478 1.87439
0.444401 0.608461 1.91491
0.340154 0.602725 2.00063
0.325949 0.684599 2.02664
0.24088 0.683499 2.07051
0.108692 0.664232 2.09868
0.027575 0.656342 2.1501
0.438461 0.691844 1.98387
0.511163 0.702227 1.93283
0.689729 0.709366 1.86079
0.891639 0.946287 1.84611
0.716621 0.885393 1.91495
0.498711 0.814368 1.963
0.389916 0.804071 1.97121
0.315485 0.79891 2.04016
0.202297 0.784284 2.08174
0.101304 0.756621 2.10268
0.900515 1.16806 1.85528
0.744744 1.11177 1.9377
0.55736 1.06015 1.99937
0.380896 0.915372 1.96048
0.384455 1.03698 2.01796
0.350573 0.859098 1.97207
0.367133 0.88501 2.00986
0.353165 0.939698 1.9879
0.301454 0.849319 2.01693
0.199972 0.853192 2.03151
0.082569 0.79351 2.12234
0.313961 1.1035 2.1243
0.358499 1.13587 2.03762
0.250109 1.20826 2.22981
0.251755 1.12825 2.25079
0.323421 1.22979 2.15258
0.212153 1.25309 2.31031
0.214941 1.11343 2.31677
0.357993 0.947133 2.0097
0.308167 0.891267 2.09958
0.247574 0.867584 2.07451
0.308845 0.977413 2.14564
0.291854 0.903935 2.12686
0.574497 1.28293 1.94031
0.724999 1.31976 1.88919
0.908878 1.38587 1.83602
0.577303 1.44231 2.0132
0.326531 1.42844 2.16467
0.726249 1.45289 1.93077
0.900317 1.60521 1.87022
0.257015 0.962623 2.21996
0.250845 0.89254 2.22711
0.195555 0.856733 2.34328
0.208692 0.93333 2.28578
0.182226 0.953741 2.37137
0.17111 1.09616 2.40578
0.139966 1.25039 2.41784
0.071682 0.913681 2.4866
0.051121 1.07132 2.46941
0.100151 0.855922 2.44462
0.102183 0.818842 2.43327
0.059178 1.24613 2.4637
0.121931 0.787974 2.31402
0.174241 0.798512 2.30395
0.213937 0.842269 2.21559
0.229106 0.881785 2.14673
0.093307 0.808868 2.22829
0.042104 1.464 2.47399
0.115906 1.45399 2.40313
0.185694 1.45113 2.33933
0.164299 1.64827 2.35718
0.106878 1.64371 2.41996
0.037208 1.62841 2.47879
0.24043 1.44397 2.25574
0.202382 1.66246 2.25116
0.332835 1.57299 2.174
0.25313 1.69794 2.1967
0.037269 1.73782 2.43803
0.105125 1.74445 2.38554
0.158929 1.75398 2.33187
0.190782 1.75425 2.26133
0.041248 1.80665 2.45209
0.097157 1.82292 2.41696
0.172705 1.81171 2.35628
0.21669 1.80113 2.30218
0.072641 1.87762 2.53715
0.141212 1.89106 2.46315
0.175663 1.86447 2.4192
0.089632 1.95109 2.57513
0.205103 1.93606 2.50167
0.115729 2.03689 2.6108
0.252006 2.12434 2.62606
0.085173 2.16728 2.64738
0.252663 1.98971 2.53937
0.091552 2.28404 2.65281
0.122377 2.44925 2.67143
0.256576 2.24265 2.65933
0.277904 2.35228 2.63833
0.280946 2.48356 2.69042
1.33881 2.72968 1.68696
1.16074 2.63157 2.02808
1.06575 2.24078 2.27664
1.29554 2.97586 1.87609
1.24917 3.13003 2.06285
1.15418 2.99513 2.18852
1.01522 2.53592 2.28015
1.01787 2.80159 2.30795
0.780496 2.40331 2.56065
0.790139 2.24204 2.55146
0.791082 2.61956 2.55187
0.800991 2.7573 2.60927
1.02772 2.97115 2.35895
1.22871 3.22082 2.19659
1.10956 3.17923 2.32438
1.04343 3.13633 2.44158
0.789318 2.95937 2.65788
0.78191 3.12277 2.65059
0.568644 2.18558 2.6076
0.446992 2.3155 2.66702
0.522196 2.51712 2.68231
0.586157 2.74311 2.69268
0.602808 2.91916 2.69357
0.60362 3.1509 2.68875
0.585669 3.34991 2.6497
0.799644 3.34926 2.56425
1.06235 3.34983 2.39193
0.422407 2.21643 2.6125
0.391108 2.07932 2.55952
0.346132 2.72844 2.67542
0.18079 2.72313 2.7286
0.389971 2.93471 2.67012
0.405038 3.15928 2.71148
0.384682 3.35613 2.68916
0.814242 3.41664 2.46057
0.605427 3.43673 2.6254
0.377767 3.41668 2.69948
0.211126 2.91988 2.74086
0.197682 3.16269 2.77402
0.200928 3.32556 2.70873
0.191664 3.35213 2.74218
0.208998 1.85424 2.36698
0.229374 1.75978 2.20476
0.246421 1.80144 2.22994
0.241221 1.86071 2.36154
0.231208 1.9082 2.47048
0.290521 1.94855 2.54259
0.302358 1.89607 2.41618
0.407271 1.99189 2.51572
0.599913 2.0669 2.56194
0.818046 2.1024 2.49198
1.0702 2.13112 2.23178
1.12645 2.07156 1.96811
0.307572 1.87232 2.36167
0.475958 1.93065 2.42688
0.446881 1.90596 2.50628
1.01558 2.067 2.21593
0.807406 2.02769 2.42203
0.780522 2.03302 2.33935
0.620493 2.01165 2.39459
0.641413 1.97545 2.47929
0.629815 1.95698 2.3956
0.760623 1.98149 2.32984
0.944004 1.96518 2.20341
1.04067 1.9453 2.02694
1.0949 2.04101 1.98076
0.609915 1.90172 2.35804
0.463554 1.89702 2.39654
0.726872 1.91296 2.33728
0.9074 1.88305 2.19846
1.00443 1.87095 2.02264
1.00585 1.8185 1.89824
0.285824 1.74761 2.2144
0.328278 1.86398 2.30102
0.333298 1.80098 2.19662
0.898667 1.79549 1.9431
0.83178 1.66618 1.95878
0.703251 1.60455 2.01335
0.564198 1.58256 2.06426
0.383179 1.64027 2.16866
0.915714 1.83715 1.96828
0.89338 1.85076 1.99117
0.86685 1.87544 2.16058
0.708905 1.89169 2.27666
0.592987 1.89901 2.29146
0.463218 1.89306 2.31285
0.377943 1.84138 2.22156
0.514841 1.86491 2.23481
0.580052 1.86372 2.23314
0.675458 1.86244 2.22329
0.784839 1.84839 2.14763
0.853135 1.81502 1.98791
0.723749 1.74229 2.0685
0.576331 1.71873 2.13213
0.426383 1.72486 2.15067
1.55522 1.27752 0.221274
1.51668 1.23253 0.172
1.69772 1.39136 0.061103
1.68012 1.4207 0.135408
1.77047 1.54758 0.014896
1.76508 1.56761 0.096612
1.76354 1.69084 0.209278
1.6834 1.62278 0.120248
1.62339 1.50022 0.141284
1.54001 1.37985 0.211439
1.42687 1.33361 0.370559
1.66735 1.63944 0.175785
1.59558 1.5336 0.190428
1.52143 1.46109 0.243872
1.47007 1.49324 0.36938
1.70217 1.69121 0.287679
1.65351 1.65796 0.26981
1.60008 1.57741 0.262643
1.53974 1.55742 0.265791
1.53022 1.5766 0.297969
1.62093 1.64777 0.357712
1.60482 1.69202 0.267614
1.56812 1.45231 -0.160167
1.58426 1.54614 -0.121393
1.42274 1.57302 -0.136412
1.34718 1.43508 -0.164662
1.39182 1.30176 0.001039
1.40844 1.43859 -0.048195
1.44699 1.30625 0.057701
1.418 1.56494 -0.075583
0.157148 0.945174 2.17493
0.150751 0.928509 2.20397
0.144862 0.933115 2.12633
0.164937 0.939185 2.14447
0.095349 0.907946 2.16464
0.099877 0.914423 2.20932
0.111949 0.905611 2.24548
0.13401 0.910055 2.24123
1.41794 -2.54119 1.49378
1.25933 -2.426 1.56334
1.23612 -2.71117 1.68612
1.40939 -2.86533 1.61363
1.22499 -2.93859 1.77651
1.39955 -3.10569 1.68505
1.20229 -3.14527 1.83335
1.37998 -3.36611 1.73877
1.10631 -3.59068 1.97424
1.33427 -3.71645 1.83982
1.00277 -4.05768 2.05247
1.23217 -4.12133 1.91564
0.921851 -4.499 2.10201
1.14948 -4.5219 1.94974
0.821686 -4.94865 2.10992
1.05567 -4.96905 1.93454
0.749451 -5.28247 2.10193
0.942787 -5.31055 1.94435
0.665033 -4.94927 2.06783
0.606929 -5.25841 2.04422
0.790397 -4.47157 2.07039
0.871066 -4.03022 2.02068
1.01133 -3.54846 1.93214
1.15558 -3.10934 1.81447
1.17524 -2.84886 1.70508
1.17032 -2.68354 1.62535
1.64917 -3.1536 1.4251
1.72545 -2.90186 1.2981
1.9159 -3.34091 1.32934
1.97488 -3.12689 1.26117
2.24666 -3.43634 1.32377
2.29049 -3.3403 1.27963
2.53499 -3.50239 1.34751
2.14061 -3.7279 1.47283
2.31725 -3.85704 1.49727
1.83559 -3.58952 1.43531
2.01305 -3.66831 1.42843
1.58407 -3.39449 1.52363
1.68245 -3.49069 1.45163
1.52912 -3.61163 1.61282
1.5482 -3.50073 1.58131
2.12238 -3.82396 1.50638
2.06016 -3.90976 1.53897
2.23169 -4.0151 1.56226
2.01025 -3.71714 1.44944
2.07678 -3.80439 1.49576
1.96121 -3.86446 1.53128
1.98634 -3.83265 1.51437
1.6089 -3.66178 1.55122
1.66833 -3.51508 1.4673
1.59724 -3.53477 1.528
1.61788 -3.61387 1.53435
1.98803 -3.76716 1.48513
1.65515 -3.55615 1.49146
1.81218 -3.62655 1.4343
1.7985 -3.64352 1.451
1.79041 -3.66886 1.47105
1.7871 -3.69388 1.48456
1.76308 -3.74205 1.50974
1.87368 -4.20204 1.61451
2.04568 -4.33921 1.64411
1.65937 -4.02769 1.6147
1.50273 -3.88256 1.68855
1.42288 -4.1948 1.75181
1.33883 -4.5861 1.77642
1.21936 -5.0014 1.76541
1.10419 -5.30578 1.7864
1.2238 -5.32761 1.72705
1.32124 -5.03707 1.70172
1.48136 -4.6141 1.69494
1.58681 -4.32605 1.6843
1.7707 -4.44099 1.6597
1.95785 -4.53521 1.64845
1.65283 -4.68421 1.68483
1.85086 -4.73928 1.66662
1.46059 -5.0784 1.6634
1.63156 -5.1244 1.64583
1.38763 -5.35259 1.66987
1.49974 -5.39231 1.63134
1.32626 -2.15509 1.41326
1.48577 -2.25112 1.37387
1.88052 -2.5696 1.1125
1.71036 -2.03576 1.11349
1.54532 -1.78182 1.1274
1.36292 -1.93139 1.2288
1.08267 -2.15916 1.20988
1.11518 -2.21954 1.30011
2.05093 -1.83166 0.82876
1.70297 -1.47887 0.875829
1.76486 -1.36183 0.781579
2.28863 -1.64599 0.611225
1.8831 -1.37439 0.712727
2.03531 -1.27227 0.521232
2.39541 -1.41406 0.447712
2.50985 -0.986878 0.206504
2.20863 -0.922418 0.257252
2.63986 -2.43832 0.958418
2.72573 -1.88675 0.497114
2.76451 -1.59014 0.284429
2.83174 -1.09889 0.044976
1.77547 -2.80676 1.2581
1.65553 -2.68236 1.29957
2.03363 -2.70392 1.07411
1.8396 -2.21885 1.04494
2.05629 -3.00126 1.20877
2.38479 -3.21257 1.26392
2.35695 -4.12036 1.54487
2.4598 -3.95588 1.4832
2.17801 -4.43026 1.63294
2.07584 -4.61886 1.6468
1.97144 -4.81331 1.64909
1.78291 -5.17906 1.64209
1.66282 -5.42445 1.62869
2.72247 -3.52185 1.29753
2.32052 -0.635532 0.13977
2.57215 -0.716555 0.062678
2.86631 -0.799157 -0.133476
2.29246 -0.14507 -0.109027
2.44317 -0.179462 -0.31526
2.7309 -0.264831 -0.543768
2.45884 0.001204 -0.795894
2.29206 0.126813 -0.573476
2.19215 0.196353 -0.366311
2.32133 0.143332 -0.986568
2.20423 0.285265 -0.793519
2.08651 0.412325 -0.602341
1.9795 0.526511 -1.05294
1.90133 0.677905 -0.887785
2.11928 0.374709 -1.29634
2.4044 0.114204 -1.03476
2.18231 0.325784 -1.35978
2.48932 -0.022626 -0.860502
2.73506 -0.303741 -0.600112
2.97215 -1.12136 -0.018465
2.97992 -0.812304 -0.19607
2.92242 -1.64167 0.25741
2.8735 -1.93057 0.473403
2.37513 0.046336 -1.14444
2.17234 0.226998 -1.42252
2.49116 -0.102854 -1.00592
2.79651 -0.410669 -0.688888
2.99026 -0.891358 -0.298409
3.00345 -1.20847 -0.126238
2.62674 -0.141303 -1.17623
3.30573 -0.660061 -1.10624
3.18975 -0.546391 -1.21141
3.49815 -0.805415 -0.915226
3.5983 -1.11135 -0.58061
3.59493 -1.30943 -0.426668
2.9606 -1.71862 0.127997
2.89283 -2.04019 0.309357
3.56163 -1.80325 -0.127527
3.57252 -2.19329 0.073111
2.72394 -2.59392 0.991446
2.10163 -2.77656 0.955989
1.95277 -2.425 0.870612
1.81081 -2.78696 1.09906
2.07927 -2.97559 1.06956
2.41962 -3.20046 1.0484
2.75858 -3.52641 1.03498
2.41467 -4.0115 1.17844
2.32445 -4.1816 1.22048
2.17363 -4.47798 1.31084
2.08824 -4.63231 1.34862
1.97125 -4.8604 1.37583
1.80733 -5.20182 1.40658
1.70521 -5.42966 1.42574
3.03291 -4.27476 0.871277
3.22189 -3.68525 0.761669
3.38411 -3.15746 0.609178
3.00685 -3.15998 0.786586
2.76108 -3.34313 0.934009
2.98986 -4.35962 0.888982
2.83755 -4.57595 0.958111
2.74362 -4.77077 1.01378
2.64726 -5.00696 1.03606
2.54368 -5.32838 1.06365
2.42854 -5.59728 1.10672
2.63671 -2.71934 0.706883
2.67514 -2.78464 0.772986
3.02201 -2.93567 0.71722
3.48874 -2.8214 0.417224
2.40827 -2.93159 0.890975
2.48162 -3.1579 0.992837
4.31396 -1.23372 -1.11322
4.33061 -1.41192 -0.776805
4.32417 -1.48549 -0.686738
4.24834 -1.9029 -0.36286
4.63485 -1.56537 -0.797032
4.62483 -1.45521 -1.03393
4.56678 -1.9257 -0.443689
4.18889 -2.33727 -0.205079
4.13786 -2.70301 -0.100062
4.02287 -3.36961 0.0339
3.76429 -3.90937 0.369424
4.45635 -2.39893 -0.204624
4.35957 -2.78467 -0.104717
4.12501 -3.39416 -0.000466
3.89848 -4.08853 -0.065554
4.24174 -3.46507 -0.094279
4.4799 -2.86612 -0.178521
4.57688 -2.43744 -0.255504
4.64855 -1.97738 -0.494981
3.51314 -4.43512 0.544512
3.49772 -4.48206 0.557091
3.3791 -4.70096 0.630729
3.3248 -4.79291 0.64954
3.16611 -5.04753 0.719668
2.97441 -5.39482 0.804852
2.81696 -5.69819 0.778881
3.67099 -4.56932 0.278001
3.52966 -4.81012 0.407969
3.32822 -5.10642 0.51918
3.04855 -5.43287 0.657509
0.919514 -3.59924 1.89223
0.787973 -3.57208 1.80514
0.81157 -3.53526 1.63975
0.735525 -3.89385 1.70108
0.766932 -3.93384 1.81114
0.728226 -4.16362 1.81763
0.6726 -4.21102 1.73788
0.642157 -4.51041 1.85469
0.58714 -4.5504 1.7207
0.572488 -4.94837 1.87507
0.508878 -5.27324 1.85564
0.520362 -4.93184 1.77664
0.45984 -5.25057 1.76865
3.74177 -4.17182 -0.347126
4.04361 -3.57504 -0.555009
4.22395 -3.06147 -0.724218
4.40301 -2.6061 -0.807085
4.50954 -2.16501 -0.978357
4.64434 -1.74196 -1.08547
4.07458 -2.73713 -1.28481
4.24748 -2.277 -1.45485
3.94058 -3.14108 -1.09184
3.74956 -3.68957 -0.831686
3.50322 -4.20336 -0.577819
3.51173 -4.55241 -0.171128
3.29843 -4.83566 -0.094779
3.06951 -5.12662 -0.010901
2.85651 -5.3667 0.088825
2.65623 -5.60517 0.169326
2.50028 -5.52378 -0.077034
2.68242 -5.30658 -0.162887
2.86541 -5.07454 -0.246702
3.11501 -4.82719 -0.302164
3.33706 -4.54269 -0.391358
1.71649 0.726429 -1.38844
1.61273 0.873944 -1.29687
1.88475 0.517371 -1.56263
1.96082 0.442513 -1.61059
1.94291 0.314387 -1.68162
1.42999 0.889587 -1.61421
1.50552 0.653872 -1.83569
0.931704 0.787899 -2.06613
0.917302 1.01955 -1.95127
0 0.904195 -2.21486
0 1.03054 -2.17848
0.951775 0.729199 -2.15072
0 0.845559 -2.29762
1.55521 0.591727 -1.90989
0.916245 0.591191 -2.19758
0 0.707846 -2.34443
1.51684 0.444141 -1.94103
2.89416 -0.293492 -1.69366
2.20873 -0.084916 -2.25201
1.64363 0.058334 -2.43844
0.948287 0.148704 -2.63546
0 0.168425 -2.85332
4.31184 -1.20063 -1.18539
4.28121 -1.23602 -1.86668
4.41342 -1.36602 -1.81725
4.07592 -1.65577 -2.42746
3.18982 -1.09823 -2.69034
2.38693 -0.750937 -2.862
1.7195 -0.583459 -3.01385
0.992348 -0.495836 -3.17746
0 -0.488963 -3.31909
0.917138 -0.807683 -3.2316
0 -0.804943 -3.30298
1.66854 -0.878633 -3.08697
2.29817 -1.04051 -2.95999
3.11579 -1.32048 -2.78117
4.38354 -1.80351 -1.70446
3.74264 -2.35777 -2.27938
3.67798 -2.90606 -1.68305
3.63881 -3.24171 -1.35384
3.51253 -3.72645 -0.968948
3.28763 -4.20136 -0.669328
3.10444 -4.54345 -0.512972
2.88229 -4.75316 -0.407417
2.63698 -4.99993 -0.302704
2.49222 -5.23389 -0.221049
2.3512 -5.43541 -0.151886
0.681818 -1.56571 -2.71684
0 -1.51473 -2.80997
1.35017 -1.67514 -2.53973
1.84782 -1.74594 -2.45708
2.75622 -1.99017 -2.29626
0.518024 -2.10815 -2.28922
0 -2.05635 -2.35199
1.08679 -2.19117 -2.14977
1.53827 -2.28906 -2.0182
1.96407 -2.352 -1.90948
2.64002 -2.51801 -1.71451
0.44787 -2.51034 -2.13596
0 -2.39456 -2.20933
0.983234 -2.5831 -1.99972
1.46665 -2.7101 -1.83974
2.07379 -2.82287 -1.61253
2.70589 -3.01017 -1.35665
0.342392 -3.01133 -2.03468
0 -2.93399 -2.08282
0.865371 -3.1137 -1.90068
1.35565 -3.23425 -1.73538
1.78257 -3.38436 -1.49597
2.21345 -3.53735 -1.17981
2.64201 -3.59015 -0.976034
0.208197 -3.46217 -2.00383
0 -3.38957 -2.04132
0.730909 -3.56852 -1.8981
1.24398 -3.66319 -1.70561
1.65856 -3.76853 -1.45129
2.09688 -3.93888 -1.01188
2.55587 -3.97232 -0.738809
0.090155 -3.81937 -2.04535
0 -3.75251 -2.0784
0.670606 -3.91565 -1.92693
1.15938 -3.98773 -1.72075
1.55232 -4.10324 -1.43629
2.01066 -4.25018 -0.897486
2.46865 -4.33771 -0.565898
0.097358 -4.2071 -2.08748
0 -4.2023 -2.12078
0.635255 -4.23469 -1.94546
1.12077 -4.32377 -1.72459
1.50273 -4.48221 -1.40554
1.88257 -4.59567 -0.852173
2.41234 -4.64447 -0.439763
0.110803 -4.44991 -2.12065
0 -4.44233 -2.16627
0.124695 -4.68502 -2.15276
0 -4.70272 -2.23182
0.115238 -4.99269 -2.20753
0 -4.96804 -2.25774
0.620858 -4.48334 -1.97961
0.611104 -4.72398 -2.01892
0.595195 -5.03812 -2.07909
1.0865 -4.58847 -1.74618
1.06436 -4.82352 -1.7657
1.03139 -5.10085 -1.80622
1.46917 -4.72807 -1.39675
1.41586 -4.95443 -1.40899
1.3765 -5.23486 -1.42648
1.79033 -4.90605 -0.797175
1.68622 -5.16383 -0.782295
1.59625 -5.43677 -0.777835
2.26091 -4.95199 -0.323219
2.1214 -5.16678 -0.272905
2.01533 -5.38751 -0.191249
0 -6.03088 -2.40814
0.102551 -6.03088 -2.35592
0.529666 -6.03088 -2.22234
0.91784 -6.03088 -1.93854
1.22495 -6.03088 -1.54361
1.42051 -6.03088 -0.868995
0.409214 -6.03088 1.77943
0.173271 -6.03088 1.84868
0 -6.03088 1.93473
0.452853 -6.03088 1.86989
0.540109 -6.03088 2.06603
0.66694 -6.03088 2.12605
0.83899 -6.03088 1.96215
0.982628 -6.03088 1.79789
1.08906 -6.03088 1.73616
1.23486 -6.03088 1.67669
1.33463 -6.03088 1.63662
1.47975 -6.03088 1.63387
1.51747 -6.03088 1.42279
2.16117 -6.03088 1.091
2.50683 -6.03088 0.750036
2.36379 -6.03088 0.116081
2.22501 -6.03088 -0.140141
2.09234 -6.03088 -0.21799
1.79345 -6.03088 -0.258928
-1.40939 -2.86533 1.61363
-1.23612 -2.71117 1.68612
-1.25933 -2.426 1.56334
-1.41794 -2.54119 1.49378
-1.39955 -3.10569 1.68505
-1.22499 -2.93859 1.77651
-1.37998 -3.36611 1.73877
-1.20229 -3.14527 1.83335
-1.33427 -3.71645 1.83982
-1.10631 -3.59068 1.97424
-1.23217 -4.12133 1.91564
-1.00277 -4.05768 2.05247
-1.14948 -4.5219 1.94974
-0.921851 -4.499 2.10201
-1.05567 -4.96905 1.93454
-0.821686 -4.94865 2.10992
-0.942787 -5.31055 1.94435
-0.749451 -5.28247 2.10193
-0.606929 -5.25841 2.04422
-0.665033 -4.94927 2.06783
-0.790397 -4.47157 2.07039
-0.871066 -4.03022 2.02068
-1.01133 -3.54846 1.93214
-1.15558 -3.10934 1.81447
-1.17524 -2.84886 1.70508
-1.17032 -2.68354 1.62535
-1.72545 -2.90186 1.2981
-1.64917 -3.1536 1.4251
-1.97488 -3.12689 1.26117
-1.9159 -3.34091 1.32934
-2.29049 -3.3403 1.27963
-2.24666 -3.43634 1.32377
-2.53499 -3.50239 1.34751
-2.31725 -3.85704 1.49727
-2.14061 -3.7279 1.47283
-2.01305 -3.66831 1.42843
-1.83559 -3.58952 1.43531
-1.68245 -3.49069 1.45163
-1.58407 -3.39449 1.52363
-1.5482 -3.50073 1.58131
-1.52912 -3.61163 1.61282
-2.23169 -4.0151 1.56226
-2.06016 -3.90976 1.53897
-2.12238 -3.82396 1.50638
-2.07678 -3.80439 1.49576
-2.01025 -3.71714 1.44944
-1.96121 -3.86446 1.53128
-1.98634 -3.83265 1.51437
-1.6089 -3.66178 1.55122
-1.59724 -3.53477 1.528
-1.66833 -3.51508 1.4673
-1.61788 -3.61387 1.53435
-1.98803 -3.76716 1.48513
-1.65515 -3.55615 1.49146
-1.81218 -3.62655 1.4343
-1.7985 -3.64352 1.451
-1.7871 -3.69388 1.48456
-1.79041 -3.66886 1.47105
-1.76308 -3.74205 1.50974
-2.04568 -4.33921 1.64411
-1.87368 -4.20204 1.61451
-1.65937 -4.02769 1.6147
-1.50273 -3.88256 1.68855
-1.42288 -4.1948 1.75181
-1.33883 -4.5861 1.77642
-1.21936 -5.0014 1.76541
-1.10419 -5.30578 1.7864
-1.32124 -5.03707 1.70172
-1.2238 -5.32761 1.72705
-1.48136 -4.6141 1.69494
-1.58681 -4.32605 1.6843
-1.7707 -4.44099 1.6597
-1.95785 -4.53521 1.64845
-1.85086 -4.73928 1.66662
-1.65283 -4.68421 1.68483
-1.63156 -5.1244 1.64583
-1.46059 -5.0784 1.6634
-1.49974 -5.39231 1.63134
-1.38763 -5.35259 1.66987
-1.48577 -2.25112 1.37387
-1.32626 -2.15509 1.41326
-1.88052 -2.5696 1.1125
-1.71036 -2.03576 1.11349
-1.36292 -1.93139 1.2288
-1.54532 -1.78182 1.1274
-1.08267 -2.15916 1.20988
-1.11518 -2.21954 1.30011
-1.70297 -1.47887 0.875829
-2.05093 -1.83166 0.82876
-1.8831 -1.37439 0.712727
-2.28863 -1.64599 0.611225
-1.76486 -1.36183 0.781579
-2.39541 -1.41406 0.447712
-2.03531 -1.27227 0.521232
-2.20863 -0.922418 0.257252
-2.50985 -0.986878 0.206504
-2.63986 -2.43832 0.958418
-2.72573 -1.88675 0.497114
-2.76451 -1.59014 0.284429
-2.83174 -1.09889 0.044976
-1.65553 -2.68236 1.29957
-1.77547 -2.80676 1.2581
-2.03363 -2.70392 1.07411
-1.8396 -2.21885 1.04494
-2.05629 -3.00126 1.20877
-2.38479 -3.21257 1.26392
-2.4598 -3.95588 1.4832
-2.35695 -4.12036 1.54487
-2.17801 -4.43026 1.63294
-2.07584 -4.61886 1.6468
-1.97144 -4.81331 1.64909
-1.78291 -5.17906 1.64209
-1.66282 -5.42445 1.62869
-2.72247 -3.52185 1.29753
-2.57215 -0.716555 0.062678
-2.32052 -0.635532 0.13977
-2.86631 -0.799157 -0.133476
-2.44317 -0.179462 -0.31526
-2.29246 -0.14507 -0.109027
-2.7309 -0.264831 -0.543768
-2.29206 0.126813 -0.573476
-2.45884 0.001204 -0.795894
-2.19215 0.196353 -0.366311
-2.20423 0.285265 -0.793519
-2.32133 0.143332 -0.986568
-2.08651 0.412325 -0.602341
-1.90133 0.677905 -0.887785
-1.9795 0.526511 -1.05294
-2.11928 0.374709 -1.29634
-2.18231 0.325784 -1.35978
-2.4044 0.114204 -1.03476
-2.48932 -0.022626 -0.860502
-2.73506 -0.303741 -0.600112
-2.97992 -0.812304 -0.19607
-2.97215 -1.12136 -0.018465
-2.92242 -1.64167 0.25741
-2.8735 -1.93057 0.473403
-2.17234 0.226998 -1.42252
-2.37513 0.046336 -1.14444
-2.49116 -0.102854 -1.00592
-2.79651 -0.410669 -0.688888
-2.99026 -0.891358 -0.298409
-3.00345 -1.20847 -0.126238
-2.62674 -0.141303 -1.17623
-3.18975 -0.546391 -1.21141
-3.30573 -0.660061 -1.10624
-3.49815 -0.805415 -0.915226
-3.5983 -1.11135 -0.58061
-3.59493 -1.30943 -0.426668
-2.9606 -1.71862 0.127997
-2.89283 -2.04019 0.309357
-3.56163 -1.80325 -0.127527
-3.57252 -2.19329 0.073111
-2.72394 -2.59392 0.991446
-1.95277 -2.425 0.870612
-2.10163 -2.77656 0.955989
-1.81081 -2.78696 1.09906
-2.07927 -2.97559 1.06956
-2.41962 -3.20046 1.0484
-2.75858 -3.52641 1.03498
-2.41467 -4.0115 1.17844
-2.32445 -4.1816 1.22048
-2.17363 -4.47798 1.31084
-2.08824 -4.63231 1.34862
-1.97125 -4.8604 1.37583
-1.80733 -5.20182 1.40658
-1.70521 -5.42966 1.42574
-3.22189 -3.68525 0.761669
-3.03291 -4.27476 0.871277
-2.76108 -3.34313 0.934009
-3.00685 -3.15998 0.786586
-3.38411 -3.15746 0.609178
-2.98986 -4.35962 0.888982
-2.83755 -4.57595 0.958111
-2.74362 -4.77077 1.01378
-2.64726 -5.00696 1.03606
-2.54368 -5.32838 1.06365
-2.42854 -5.59728 1.10672
-2.63671 -2.71934 0.706883
-3.48874 -2.8214 0.417224
-3.02201 -2.93567 0.71722
-2.67514 -2.78464 0.772986
-2.40827 -2.93159 0.890975
-2.48162 -3.1579 0.992837
-4.31396 -1.23372 -1.11322
-4.33061 -1.41192 -0.776805
-4.32417 -1.48549 -0.686738
-4.24834 -1.9029 -0.36286
-4.62483 -1.45521 -1.03393
-4.63485 -1.56537 -0.797032
-4.56678 -1.9257 -0.443689
-4.18889 -2.33727 -0.205079
-4.13786 -2.70301 -0.100062
-4.02287 -3.36961 0.0339
-3.76429 -3.90937 0.369424
-4.45635 -2.39893 -0.204624
-4.35957 -2.78467 -0.104717
-4.12501 -3.39416 -0.000466
-3.89848 -4.08853 -0.065554
-4.24174 -3.46507 -0.094279
-4.4799 -2.86612 -0.178521
-4.57688 -2.43744 -0.255504
-4.64855 -1.97738 -0.494981
-3.51314 -4.43512 0.544512
-3.49772 -4.48206 0.557091
-3.3791 -4.70096 0.630729
-3.3248 -4.79291 0.64954
-3.16611 -5.04753 0.719668
-2.97441 -5.39482 0.804852
-2.81696 -5.69819 0.778881
-3.67099 -4.56932 0.278001
-3.52966 -4.81012 0.407969
-3.32822 -5.10642 0.51918
-3.04855 -5.43287 0.657509
-0.919514 -3.59924 1.89223
-0.766932 -3.93384 1.81114
-0.735525 -3.89385 1.70108
-0.81157 -3.53526 1.63975
-0.787973 -3.57208 1.80514
-0.728226 -4.16362 1.81763
-0.6726 -4.21102 1.73788
-0.642157 -4.51041 1.85469
-0.58714 -4.5504 1.7207
-0.572488 -4.94837 1.87507
-0.508878 -5.27324 1.85564
-0.45984 -5.25057 1.76865
-0.520362 -4.93184 1.77664
-4.04361 -3.57504 -0.555009
-3.74177 -4.17182 -0.347126
-4.22395 -3.06147 -0.724218
-4.40301 -2.6061 -0.807085
-4.50954 -2.16501 -0.978357
-4.64434 -1.74196 -1.08547
-4.24748 -2.277 -1.45485
-4.07458 -2.73713 -1.28481
-3.94058 -3.14108 -1.09184
-3.74956 -3.68957 -0.831686
-3.50322 -4.20336 -0.577819
-3.51173 -4.55241 -0.171128
-3.29843 -4.83566 -0.094779
-3.06951 -5.12662 -0.010901
-2.85651 -5.3667 0.088825
-2.65623 -5.60517 0.169326
-2.68242 -5.30658 -0.162887
-2.50028 -5.52378 -0.077034
-2.86541 -5.07454 -0.246702
-3.11501 -4.82719 -0.302164
-3.33706 -4.54269 -0.391358
-1.61273 0.873944 -1.29687
-1.71649 0.726429 -1.38844
-1.88475 0.517371 -1.56263
-1.96082 0.442513 -1.61059
-1.94291 0.314387 -1.68162
-1.42999 0.889587 -1.61421
-1.50552 0.653872 -1.83569
-0.917302 1.01955 -1.95127
-0.931704 0.787899 -2.06613
-0.951775 0.729199 -2.15072
-1.55521 0.591727 -1.90989
-0.916245 0.591191 -2.19758
-1.51684 0.444141 -1.94103
-2.89416 -0.293492 -1.69366
-2.20873 -0.084916 -2.25201
-1.64363 0.058334 -2.43844
-0.948287 0.148704 -2.63546
-4.28121 -1.23602 -1.86668
-4.31184 -1.20063 -1.18539
-4.41342 -1.36602 -1.81725
-3.18982 -1.09823 -2.69034
-4.07592 -1.65577 -2.42746
-2.38693 -0.750937 -2.862
-1.7195 -0.583459 -3.01385
-0.992348 -0.495836 -3.17746
-0.917138 -0.807683 -3.2316
-1.66854 -0.878633 -3.08697
-2.29817 -1.04051 -2.95999
-3.11579 -1.32048 -2.78117
-4.38354 -1.80351 -1.70446
-3.74264 -2.35777 -2.27938
-3.67798 -2.90606 -1.68305
-3.63881 -3.24171 -1.35384
-3.51253 -3.72645 -0.968948
-3.28763 -4.20136 -0.669328
-3.10444 -4.54345 -0.512972
-2.88229 -4.75316 -0.407417
-2.63698 -4.99993 -0.302704
-2.49222 -5.23389 -0.221049
-2.3512 -5.43541 -0.151886
-0.681818 -1.56571 -2.71684
-1.35017 -1.67514 -2.53973
-1.84782 -1.74594 -2.45708
-2.75622 -1.99017 -2.29626
-0.518024 -2.10815 -2.28922
-1.08679 -2.19117 -2.14977
-1.53827 -2.28906 -2.0182
-1.96407 -2.352 -1.90948
-2.64002 -2.51801 -1.71451
-0.44787 -2.51034 -2.13596
-0.983234 -2.5831 -1.99972
-1.46665 -2.7101 -1.83974
-2.07379 -2.82287 -1.61253
-2.70589 -3.01017 -1.35665
-0.342392 -3.01133 -2.03468
-0.865371 -3.1137 -1.90068
-1.35565 -3.23425 -1.73538
-1.78257 -3.38436 -1.49597
-2.21345 -3.53735 -1.17981
-2.64201 -3.59015 -0.976034
-0.208197 -3.46217 -2.00383
-0.730909 -3.56852 -1.8981
-1.24398 -3.66319 -1.70561
-1.65856 -3.76853 -1.45129
-2.09688 -3.93888 -1.01188
-2.55587 -3.97232 -0.738809
-0.090155 -3.81937 -2.04535
-0.670606 -3.91565 -1.92693
-1.15938 -3.98773 -1.72075
-1.55232 -4.10324 -1.43629
-2.01066 -4.25018 -0.897486
-2.46865 -4.33771 -0.565898
-0.097358 -4.2071 -2.08748
-0.635255 -4.23469 -1.94546
-1.12077 -4.32377 -1.72459
-1.50273 -4.48221 -1.40554
-1.88257 -4.59567 -0.852173
-2.41234 -4.64447 -0.439763
-0.110803 -4.44991 -2.12065
-0.124695 -4.68502 -2.15276
-0.115238 -4.99269 -2.20753
-0.620858 -4.48334 -1.97961
-0.611104 -4.72398 -2.01892
-0.595195 -5.03812 -2.07909
-1.0865 -4.58847 -1.74618
-1.06436 -4.82352 -1.7657
-1.03139 -5.10085 -1.80622
-1.46917 -4.72807 -1.39675
-1.41586 -4.95443 -1.40899
-1.3765 -5.23486 -1.42648
-1.79033 -4.90605 -0.797175
-1.68622 -5.16383 -0.782295
-1.59625 -5.43677 -0.777835
-2.26091 -4.95199 -0.323219
-2.1214 -5.16678 -0.272905
-2.01533 -5.38751 -0.191249
-0.173271 -6.03088 1.84868
-0.409214 -6.03088 1.77943
-1.42051 -6.03088 -0.868995
-1.22495 -6.03088 -1.54361
-0.91784 -6.03088 -1.93854
-0.529666 -6.03088 -2.22234
-0.102551 -6.03088 -2.35592
-0.452853 -6.03088 1.86989
-0.540109 -6.03088 2.06603
-0.66694 -6.03088 2.12605
-0.83899 -6.03088 1.96215
-0.982628 -6.03088 1.79789
-1.08906 -6.03088 1.73616
-1.23486 -6.03088 1.67669
-1.33463 -6.03088 1.63662
-1.47975 -6.03088 1.63387
-1.51747 -6.03088 1.42279
-2.16117 -6.03088 1.091
-2.50683 -6.03088 0.750036
-2.36379 -6.03088 0.116081
-2.22501 -6.03088 -0.140141
-2.09234 -6.03088 -0.21799
-1.79345 -6.03088 -0.258928
1.64433 -1.32705 0.804401
1.8745 0.840434 -0.825335
1.65319 0.929418 -0.708563
1.78991 0.559574 -0.484963
2.02225 0.544661 -0.586962
1.61955 1.08566 -0.484865
1.70934 0.70881 -0.303075
1.49406 1.26558 -0.28435
1.60859 0.873861 -0.115187
1.67916 0.633915 0.029714
1.77839 0.482136 -0.139324
1.87246 0.346143 -0.310705
2.14529 0.339204 -0.375192
1.91572 0.040941 -0.014837
2.20123 0.000293 -0.064496
1.76452 0.177998 0.117671
1.67603 0.329475 0.229159
1.55578 0.021224 0.505726
1.71896 -0.160742 0.469903
1.27039 -0.147104 0.784968
1.52673 -0.330392 0.664287
1.39474 -0.413036 0.760716
0.965119 -0.260672 0.95435
1.13358 -0.529377 0.87648
0.660852 -0.430087 1.02641
0.890434 -0.667131 1.03014
1.0839 -0.908114 0.962937
1.2921 -0.754556 0.823783
1.49741 -0.724919 0.744497
1.77403 -0.55782 0.533113
1.91887 -0.33156 0.339632
2.29322 -0.484214 0.339257
1.87045 -0.652197 0.450844
2.20463 -0.76189 0.492489
1.92056 -0.911602 0.635633
2.15001 -1.07767 0.738764
1.17333 -0.937966 0.974752
1.35925 -0.802611 0.864891
1.56481 -0.797042 0.792898
1.86334 -0.977168 0.91409
2.10774 -1.14322 0.953456
1.71582 -0.929656 0.966024
1.61838 -0.925175 1.02969
1.36961 -1.01534 1.11968
1.83285 -1.02053 1.18526
1.62604 -1.07674 1.28861
1.7141 -1.0936 1.31899
1.84871 -1.143 1.3415
1.98353 -1.1571 1.2747
2.04525 -1.15372 1.16885
1.9296 0.766195 -0.868969
2.11674 0.495058 -0.601314
2.25591 0.276612 -0.416612
2.28126 -0.081355 -0.119904
2.3606 -0.599489 0.198334
2.29063 -0.891433 0.390191
2.14954 -1.23485 0.593719
2.05049 -1.36673 0.809457
1.94786 -1.38145 0.959888
1.77285 -1.32838 1.09563
1.56498 -1.26152 1.03431
1.53591 -1.29811 0.807226
1.49729 -1.33913 0.841721
1.40243 -1.22617 0.788059
1.36458 -1.18079 0.924075
0.979704 -2.07131 1.34242
1.00292 -2.14432 1.41597
1.28868 -1.81886 1.33745
1.1848 -2.36009 1.6206
1.49933 -1.6199 1.25979
1.15066 -2.57788 1.70571
1.13857 -2.3557 1.60807
1.0761 -2.44146 1.6405
0.986579 -2.34427 1.58893
0.946039 -2.13957 1.40532
0.911458 -2.00659 1.29308
1.22679 -1.75878 1.26394
1.43033 -1.6059 1.24214
1.18529 -1.49444 1.03959
1.10621 -1.68525 1.17028
1.00321 -1.85319 1.20418
1.06246 -1.71022 1.14746
0.987919 -1.57773 0.943063
1.01149 -1.46615 0.849459
1.41255 -1.26547 0.846861
1.16317 -1.08363 0.749894
1.21502 -1.13988 0.631844
1.09044 -1.02351 0.678469
1.14006 -1.08562 0.548845
1.32274 -1.28229 0.839324
1.1259 -1.24788 0.726983
0.97596 -1.25364 0.439031
0.95107 -1.49034 0.657946
0.923414 -1.56325 0.752181
1.05316 -0.94726 0.364276
1.03187 -0.910848 0.501241
0.972473 -0.904372 0.702188
0.953346 -0.798897 0.56064
0.945703 -0.793197 0.352311
0.881827 -0.723916 0.435746
0.723647 -0.597074 0.645566
0.75786 -0.781188 0.456694
0.776626 -0.858709 0.397058
0.882614 -0.775412 0.755154
0.666779 -0.552895 0.796182
0.611036 -0.525612 0.788876
0.562304 -0.41658 0.969606
0.876471 -0.148345 0.90486
1.1381 -0.091895 0.774442
1.48518 0.079724 0.500447
1.59616 0.37936 0.235293
1.56667 0.634397 0.073622
1.51245 0.897163 -0.076482
1.41237 1.28183 -0.310801
0.525206 -0.699021 0.685298
0.542374 -0.8423 0.544174
0.552893 -0.992161 0.508997
0.503536 -0.631044 0.70522
0.501866 -0.586513 0.662164
0.455321 -0.546323 0.782268
0.37912 -0.50701 0.863837
0.304694 -0.630063 0.726692
0.299927 -0.673631 0.76545
0.325211 -0.748447 0.738581
0.21535 -0.596543 0.743346
0.127284 -0.76445 0.76849
0.113276 -0.678553 0.767337
0 -0.689031 0.749186
0 -0.768149 0.766285
0.137651 -0.62293 0.687754
0 -0.629419 0.700115
0.322935 -0.90035 0.611039
0.344751 -1.11014 0.559124
0.108917 -0.939211 0.646315
0.123685 -1.15918 0.616287
0.016477 -0.926391 0.649357
0 -0.921285 0.65134
0 -1.14395 0.667317
-0.000578 -1.14941 0.652702
0.654987 -3.82329 1.727
0.570267 -4.18679 1.77245
0.503207 -4.13847 1.78681
0.442477 -4.48928 1.78502
0.317156 -4.42333 1.86337
0.271754 -4.84092 1.83781
0.194708 -5.18279 1.83524
0.087132 -4.77266 1.92221
0 -5.1192 1.91797
0.275138 -1.98927 0.980982
0.302674 -1.92534 0.896202
0.228664 -1.93878 0.914844
0.185271 -2.03647 1.14215
0.085459 -1.9889 0.95337
0 -1.9889 0.95337
0 -2.03647 1.14215
0 -2.07786 1.22995
0.159347 -2.07786 1.22995
0 -2.18685 1.38489
0.081716 -2.18685 1.38489
0 -2.2839 1.48675
0.056561 -2.2839 1.48675
0 -2.41992 1.57493
0.068819 -2.41992 1.57493
0 -2.65466 1.791
0.142751 -2.65466 1.791
0 -2.826 1.88339
0.216434 -2.826 1.88339
0 -3.21457 1.963
0.357668 -3.21457 1.963
0 -3.42835 1.7993
0.582558 -3.42835 1.7993
0 -3.57208 1.80514
0 -3.82329 1.727
0 -4.13847 1.78681
0 -4.42333 1.86337
0 -4.77266 1.92221
-1.64433 -1.32705 0.804401
-2.02225 0.544661 -0.586962
-1.78991 0.559574 -0.484963
-1.65319 0.929418 -0.708563
-1.8745 0.840434 -0.825335
-1.70934 0.70881 -0.303075
-1.61955 1.08566 -0.484865
-1.60859 0.873861 -0.115187
-1.49406 1.26558 -0.28435
-1.77839 0.482136 -0.139324
-1.67916 0.633915 0.029714
-1.87246 0.346143 -0.310705
-2.14529 0.339204 -0.375192
-2.20123 0.000293 -0.064496
-1.91572 0.040941 -0.014837
-1.76452 0.177998 0.117671
-1.67603 0.329475 0.229159
-1.71896 -0.160742 0.469903
-1.55578 0.021224 0.505726
-1.52673 -0.330392 0.664287
-1.27039 -0.147104 0.784968
-1.39474 -0.413036 0.760716
-1.13358 -0.529377 0.87648
-0.965119 -0.260672 0.95435
-0.890434 -0.667131 1.03014
-0.660852 -0.430087 1.02641
-1.2921 -0.754556 0.823783
-1.0839 -0.908114 0.962937
-1.49741 -0.724919 0.744497
-1.77403 -0.55782 0.533113
-1.91887 -0.33156 0.339632
-2.29322 -0.484214 0.339257
-2.20463 -0.76189 0.492489
-1.87045 -0.652197 0.450844
-1.92056 -0.911602 0.635633
-2.15001 -1.07767 0.738764
-1.35925 -0.802611 0.864891
-1.17333 -0.937966 0.974752
-1.56481 -0.797042 0.792898
-2.10774 -1.14322 0.953456
-1.86334 -0.977168 0.91409
-1.71582 -0.929656 0.966024
-1.61838 -0.925175 1.02969
-1.36961 -1.01534 1.11968
-1.83285 -1.02053 1.18526
-1.62604 -1.07674 1.28861
-1.7141 -1.0936 1.31899
-1.84871 -1.143 1.3415
-1.98353 -1.1571 1.2747
-2.04525 -1.15372 1.16885
-2.11674 0.495058 -0.601314
-1.9296 0.766195 -0.868969
-2.25591 0.276612 -0.416612
-2.28126 -0.081355 -0.119904
-2.3606 -0.599489 0.198334
-2.29063 -0.891433 0.390191
-2.14954 -1.23485 0.593719
-1.94786 -1.38145 0.959888
-2.05049 -1.36673 0.809457
-1.77285 -1.32838 1.09563
-1.53591 -1.29811 0.807226
-1.56498 -1.26152 1.03431
-1.49729 -1.33913 0.841721
-1.40243 -1.22617 0.788059
-1.36458 -1.18079 0.924075
-1.00292 -2.14432 1.41597
-0.979704 -2.07131 1.34242
-1.28868 -1.81886 1.33745
-1.1848 -2.36009 1.6206
-1.49933 -1.6199 1.25979
-1.15066 -2.57788 1.70571
-1.0761 -2.44146 1.6405
-1.13857 -2.3557 1.60807
-0.986579 -2.34427 1.58893
-0.946039 -2.13957 1.40532
-0.911458 -2.00659 1.29308
-1.22679 -1.75878 1.26394
-1.43033 -1.6059 1.24214
-1.10621 -1.68525 1.17028
-1.18529 -1.49444 1.03959
-1.00321 -1.85319 1.20418
-1.06246 -1.71022 1.14746
-0.987919 -1.57773 0.943063
-1.01149 -1.46615 0.849459
-1.41255 -1.26547 0.846861
-1.21502 -1.13988 0.631844
-1.16317 -1.08363 0.749894
-1.14006 -1.08562 0.548845
-1.09044 -1.02351 0.678469
-1.32274 -1.28229 0.839324
-1.1259 -1.24788 0.726983
-0.97596 -1.25364 0.439031
-0.95107 -1.49034 0.657946
-0.923414 -1.56325 0.752181
-1.05316 -0.94726 0.364276
-1.03187 -0.910848 0.501241
-0.972473 -0.904372 0.702188
-0.945703 -0.793197 0.352311
-0.953346 -0.798897 0.56064
-0.881827 -0.723916 0.435746
-0.723647 -0.597074 0.645566
-0.75786 -0.781188 0.456694
-0.776626 -0.858709 0.397058
-0.882614 -0.775412 0.755154
-0.666779 -0.552895 0.796182
-0.611036 -0.525612 0.788876
-0.562304 -0.41658 0.969606
-0.876471 -0.148345 0.90486
-1.1381 -0.091895 0.774442
-1.48518 0.079724 0.500447
-1.59616 0.37936 0.235293
-1.56667 0.634397 0.073622
-1.51245 0.897163 -0.076482
-1.41237 1.28183 -0.310801
-0.542374 -0.8423 0.544174
-0.525206 -0.699021 0.685298
-0.552893 -0.992161 0.508997
-0.503536 -0.631044 0.70522
-0.501866 -0.586513 0.662164
-0.455321 -0.546323 0.782268
-0.37912 -0.50701 0.863837
-0.299927 -0.673631 0.76545
-0.304694 -0.630063 0.726692
-0.325211 -0.748447 0.738581
-0.21535 -0.596543 0.743346
-0.113276 -0.678553 0.767337
-0.127284 -0.76445 0.76849
-0.137651 -0.62293 0.687754
-0.322935 -0.90035 0.611039
-0.344751 -1.11014 0.559124
-0.123685 -1.15918 0.616287
-0.108917 -0.939211 0.646315
-0.016477 -0.926391 0.649357
0.000578 -1.14941 0.652702
-0.654987 -3.82329 1.727
-0.570267 -4.18679 1.77245
-0.503207 -4.13847 1.78681
-0.442477 -4.48928 1.78502
-0.317156 -4.42333 1.86337
-0.271754 -4.84092 1.83781
-0.194708 -5.18279 1.83524
-0.087132 -4.77266 1.92221
-0.228664 -1.93878 0.914844
-0.302674 -1.92534 0.896202
-0.275138 -1.98927 0.980982
-0.085459 -1.9889 0.95337
-0.185271 -2.03647 1.14215
-0.159347 -2.07786 1.22995
-0.081716 -2.18685 1.38489
-0.056561 -2.2839 1.48675
-0.068819 -2.41992 1.57493
-0.142751 -2.65466 1.791
-0.216434 -2.826 1.88339
-0.357668 -3.21457 1.963
-0.582558 -3.42835 1.7993
2.53621 -2.94821 0.958051
2.66358 -2.83469 0.861852
2.88217 -2.93735 0.843545
2.92534 -3.10088 0.894157
2.75687 -3.22978 1.00708
2.55549 -3.08917 1.02227
2.67439 -2.93762 0.933123
2.78041 -2.97245 0.918971
2.627 -2.98733 0.979362
2.62952 -3.05221 1.00242
2.75097 -3.11111 0.986978
2.80791 -3.0451 0.930632
2.7177 -3.03012 0.972204
-2.66358 -2.83469 0.861852
-2.53621 -2.94821 0.958051
-2.88217 -2.93735 0.843545
-2.92534 -3.10088 0.894157
-2.75687 -3.22978 1.00708
-2.55549 -3.08917 1.02227
-2.78041 -2.97245 0.918971
-2.67439 -2.93762 0.933123
-2.627 -2.98733 0.979362
-2.62952 -3.05221 1.00242
-2.75097 -3.11111 0.986978
-2.80791 -3.0451 0.930632
-2.7177 -3.03012 0.972204
0.83162 -1.50774 0.611914
0.772368 -1.36333 0.594727
0.706202 -1.44575 0.661758
0.899215 -1.07984 0.440476
0.696132 -1.18218 0.597604
0.541634 -1.35772 0.706386
0.840242 -0.927747 0.424596
0.620113 -1.06801 0.584601
0.40603 -1.18137 0.658817
0.588595 -1.03178 0.557169
0.372288 -1.14357 0.620912
0.223761 -1.18566 0.654281
0.250869 -1.22652 0.715051
0.306132 -1.32829 0.761379
0.139737 -1.17161 0.699986
-0.004388 -1.17417 0.722007
0 -1.17053 0.755149
0 -1.19524 0.832548
-0.007583 -1.1912 0.792125
0.127929 -1.19389 0.754604
0.24136 -1.27816 0.814638
0.13037 -1.25481 0.861437
0.03309 -1.25403 0.896798
0 -1.25558 0.924864
0.274387 -1.43739 0.895555
0.260266 -1.42941 0.950578
0.166855 -1.399 0.996518
0 -1.38662 1.03901
0.490997 -1.45208 1.07906
0.672423 -1.32111 1.05825
0.733092 -1.44684 0.88367
0.777042 -1.37449 1.17979
0.852626 -1.50031 1.05254
0.806198 -1.46826 0.783523
0.957618 -1.55018 0.980468
1.06125 -1.69358 1.24992
0.991865 -1.64375 1.30948
0.918461 -1.55902 1.39703
0.600731 -1.52927 1.20176
1.04367 -1.73899 1.30745
0.961809 -1.79336 1.51481
0.871396 -1.70736 1.60036
0.643279 -1.59742 1.34435
0.616929 -1.64779 1.44168
0.803006 -1.78821 1.65691
0.729624 -1.99923 1.4288
0.923605 -2.04724 1.52876
0.887021 -2.08962 1.74012
0.908608 -2.26812 1.57088
0.80478 -2.01798 1.53363
0.752157 -2.0405 1.66239
0.544718 -2.04448 1.66841
0.628571 -2.05058 1.84526
0.697121 -2.14715 1.90116
0.550252 -1.90705 1.78728
0.487346 -1.72454 1.54944
0.395899 -1.82525 1.64042
0.25085 -1.63798 1.01585
0.244374 -1.65823 0.946017
0.123817 -1.64274 1.10777
0 -1.61284 1.11706
0 -1.83829 1.09017
0.075363 -1.84282 1.07142
0.245409 -1.81066 0.985872
0.304946 -1.8052 0.97447
0 -2.00002 0.997148
0.296986 -1.69917 1.05187
0.439278 -1.77072 1.22379
0.314085 -1.88332 1.37137
0.179735 -1.98447 1.4948
0.32483 -1.84137 1.00366
0.222738 -1.89441 1.15533
0.172525 -1.97874 1.23104
0.114834 -2.16285 1.42051
0.093712 -2.25552 1.48858
0.112533 -2.12555 1.54308
0.12404 -2.38326 1.61881
0.150668 -2.03918 1.68102
0.190912 -2.60781 1.82126
0.240723 -2.60203 1.8119
0.306947 -2.58209 1.86217
0.405686 -2.47487 1.99099
0.226778 -2.09017 1.90755
0.3484 -2.0023 1.88429
0.42988 -2.10529 1.81344
0.510107 -2.12067 1.94444
0.581623 -2.18791 2.00863
0.478191 -2.1571 2.00102
0.940866 -2.32846 1.66095
1.01587 -2.42197 1.74924
1.13026 -2.6722 1.89534
1.13301 -3.05626 1.99846
0.829619 -3.39583 1.96193
0.886282 -2.90006 1.864
0.973873 -2.6651 1.90958
0.872574 -2.48038 1.7292
0.924078 -2.53985 1.80479
0.850053 -2.39968 1.65688
0.773483 -3.52545 1.92006
0.677365 -3.39553 1.91346
0.490297 -3.08107 2.0017
0.442003 -3.1814 2.02379
0.371433 -2.70644 1.89706
0.289637 -2.71713 1.95657
0.833722 -2.31991 1.58869
0.723318 -2.27754 1.88769
0.833002 -2.32345 1.83779
0.692294 -2.37174 1.91305
0.838047 -2.45322 1.88392
0.641657 -2.58822 1.9404
0.83545 -2.39253 1.6662
0.863047 -2.46492 1.73332
0.611144 -2.55097 2.00412
0.586612 -2.67634 1.97396
0.69244 -3.06073 1.99367
-0.772368 -1.36333 0.594727
-0.83162 -1.50774 0.611914
-0.706202 -1.44575 0.661758
-0.899215 -1.07984 0.440476
-0.696132 -1.18218 0.597604
-0.541634 -1.35772 0.706386
-0.840242 -0.927747 0.424596
-0.620113 -1.06801 0.584601
-0.40603 -1.18137 0.658817
-0.588595 -1.03178 0.557169
-0.372288 -1.14357 0.620912
-0.250869 -1.22652 0.715051
-0.223761 -1.18566 0.654281
-0.306132 -1.32829 0.761379
0.004388 -1.17417 0.722007
-0.139737 -1.17161 0.699986
0.007583 -1.1912 0.792125
-0.127929 -1.19389 0.754604
-0.24136 -1.27816 0.814638
-0.13037 -1.25481 0.861437
-0.03309 -1.25403 0.896798
-0.274387 -1.43739 0.895555
-0.260266 -1.42941 0.950578
-0.166855 -1.399 0.996518
-0.672423 -1.32111 1.05825
-0.490997 -1.45208 1.07906
-0.733092 -1.44684 0.88367
-0.852626 -1.50031 1.05254
-0.777042 -1.37449 1.17979
-0.806198 -1.46826 0.783523
-0.957618 -1.55018 0.980468
-1.06125 -1.69358 1.24992
-0.991865 -1.64375 1.30948
-0.918461 -1.55902 1.39703
-0.600731 -1.52927 1.20176
-1.04367 -1.73899 1.30745
-0.961809 -1.79336 1.51481
-0.871396 -1.70736 1.60036
-0.643279 -1.59742 1.34435
-0.616929 -1.64779 1.44168
-0.803006 -1.78821 1.65691
-0.729624 -1.99923 1.4288
-0.923605 -2.04724 1.52876
-0.908608 -2.26812 1.57088
-0.887021 -2.08962 1.74012
-0.80478 -2.01798 1.53363
-0.752157 -2.0405 1.66239
-0.628571 -2.05058 1.84526
-0.544718 -2.04448 1.66841
-0.697121 -2.14715 1.90116
-0.550252 -1.90705 1.78728
-0.487346 -1.72454 1.54944
-0.395899 -1.82525 1.64042
-0.244374 -1.65823 0.946017
-0.25085 -1.63798 1.01585
-0.123817 -1.64274 1.10777
-0.075363 -1.84282 1.07142
-0.245409 -1.81066 0.985872
-0.304946 -1.8052 0.97447
-0.296986 -1.69917 1.05187
-0.439278 -1.77072 1.22379
-0.314085 -1.88332 1.37137
-0.179735 -1.98447 1.4948
-0.32483 -1.84137 1.00366
-0.222738 -1.89441 1.15533
-0.172525 -1.97874 1.23104
-0.114834 -2.16285 1.42051
-0.112533 -2.12555 1.54308
-0.093712 -2.25552 1.48858
-0.12404 -2.38326 1.61881
-0.150668 -2.03918 1.68102
-0.190912 -2.60781 1.82126
-0.240723 -2.60203 1.8119
-0.306947 -2.58209 1.86217
-0.226778 -2.09017 1.90755
-0.405686 -2.47487 1.99099
-0.3484 -2.0023 1.88429
-0.42988 -2.10529 1.81344
-0.510107 -2.12067 1.94444
-0.581623 -2.18791 2.00863
-0.478191 -2.1571 2.00102
-0.940866 -2.32846 1.66095
-1.01587 -2.42197 1.74924
-1.13026 -2.6722 1.89534
-1.13301 -3.05626 1.99846
-0.829619 -3.39583 1.96193
-0.886282 -2.90006 1.864
-0.973873 -2.6651 1.90958
-0.924078 -2.53985 1.80479
-0.872574 -2.48038 1.7292
-0.850053 -2.39968 1.65688
-0.773483 -3.52545 1.92006
-0.677365 -3.39553 1.91346
-0.442003 -3.1814 2.02379
-0.490297 -3.08107 2.0017
-0.289637 -2.71713 1.95657
-0.371433 -2.70644 1.89706
-0.833722 -2.31991 1.58869
-0.723318 -2.27754 1.88769
-0.833002 -2.32345 1.83779
-0.838047 -2.45322 1.88392
-0.692294 -2.37174 1.91305
-0.641657 -2.58822 1.9404
-0.83545 -2.39253 1.6662
-0.863047 -2.46492 1.73332
-0.611144 -2.55097 2.00412
-0.586612 -2.67634 1.97396
-0.69244 -3.06073 1.99367
1.45086 1.45705 0.528348
1.59426 1.55834 0.626987
1.65043 1.61724 0.680182
1.54526 1.74215 0.824324
1.65576 1.8259 0.954174
1.59715 1.91464 1.00631
1.7627 1.65599 0.631224
1.76299 1.80572 0.775415
1.9495 1.84984 0.823902
1.76077 1.85065 1.0654
1.74362 1.99795 1.23462
1.49747 2.13374 1.1911
1.7561 2.21664 1.31992
0.327215 3.61761 3.16596
0 3.45546 3.19725
0 3.83536 3.34742
0.49034 3.72708 3.0289
0.833423 3.57912 2.95228
1.18657 3.53715 2.88378
1.27451 3.42949 2.34081
1.51539 3.46293 2.4993
1.72966 2.98573 2.12696
1.58733 3.27325 2.27988
1.80259 2.67303 2.07179
1.8835 2.4212 1.85278
1.78981 1.74517 0.195716
1.6524 1.6352 0.100315
1.61621 1.63182 0.140151
2.02491 1.6849 0.590685
2.08124 1.73977 0.560523
2.10169 1.84193 0.704701
2.312 1.66706 0.54433
2.13922 1.49363 0.307465
1.84743 1.19231 -0.235521
2.03996 1.26356 -0.10667
2.00178 1.17893 -0.53887
2.12027 1.18143 -0.439203
1.95567 1.11205 -0.65084
2.0352 1.05821 -0.740662
2.50667 1.35421 -0.177264
2.5568 1.42584 0.234125
2.62558 1.66785 0.406381
2.57219 1.66594 0.610608
2.314 1.93712 1.04395
2.37056 2.18864 1.31994
1.79536 2.31226 1.4486
2.2988 2.37833 1.4841
2.43192 2.42086 1.79186
2.27483 2.70837 1.95329
2.1274 2.76378 2.17293
2.02782 3.05747 2.20769
2.21127 3.15136 2.17553
2.07758 3.59379 2.54406
2.2058 3.05323 1.99568
2.23458 2.85369 1.92147
2.49222 2.76375 1.68146
1.68272 3.87279 2.69984
1.59127 3.68753 2.79531
1.46979 4.22697 3.12591
1.41931 4.08523 3.11477
0.969239 4.03284 3.23762
0.44624 4.02519 3.17591
0 4.23455 3.30164
0.29338 4.20284 3.12617
0.507507 4.74909 2.92783
0.273753 4.90292 2.63511
0 4.87944 2.66216
0.855572 4.44395 3.26479
1.00122 4.43322 3.1689
2.63476 2.91711 1.57146
2.37344 3.23013 1.70144
2.24501 3.76286 1.97126
2.175 3.97464 1.86115
1.77247 3.91719 2.56174
1.69615 3.98836 2.58149
2.02053 4.12619 2.05733
1.72097 4.40171 2.02821
1.41798 4.55433 2.44709
1.3504 4.34724 2.80628
1.20015 4.61336 3.06319
1.30446 4.99702 2.24644
0.873342 4.70963 3.17356
0.69617 4.78404 2.81913
0.424844 4.97854 2.24606
0.696076 5.19322 2.02619
0.635427 5.51565 1.33174
0 5.54417 1.14183
0 5.22257 1.99659
0 5.08592 2.30915
1.51174 4.93809 1.52149
1.90679 4.42285 1.79598
2.35455 3.70565 1.67022
2.64494 3.81463 1.42574
2.42155 3.77924 0.825727
2.20304 4.21662 1.15412
2.2517 4.26915 0.470671
1.78853 4.80961 0.096426
1.60139 4.89572 0.83814
2.54302 3.22818 1.36369
2.58833 3.23654 1.22854
2.62956 3.16481 0.666688
2.33697 3.75401 -0.076831
2.69544 2.59419 0.979715
2.70344 2.832 0.591982
2.43001 2.81146 0.125791
2.20714 3.07876 -0.379399
2.90404 2.24721 0.893879
2.66632 2.01022 0.643661
2.56923 2.36897 0.316299
2.56093 2.35942 -0.171605
2.26532 2.57683 -0.675925
2.33665 2.02939 -0.421402
2.28442 2.02263 -0.855935
2.15045 1.47684 -0.584277
2.16779 1.51462 -0.809225
2.64345 1.92542 -0.01895
2.07938 1.11058 -1.19582
0.894334 1.45868 -2.05369
1.63915 1.53068 -1.82524
0 1.41121 -2.3773
0 2.15047 -2.4464
1.02946 2.24387 -2.27344
1.68425 2.19638 -1.81278
1.69538 2.76301 -1.39814
1.87691 2.72828 -1.16657
0 3.00778 -2.13808
0.875196 3.02126 -1.97871
1.78215 3.54208 -0.994194
2.10716 3.38469 -0.769274
0.844364 4.03324 -1.65079
0 4.16032 -1.99261
1.79631 4.11807 -0.761666
0.742722 4.66367 -1.20484
0 4.68586 -1.43263
0 5.23261 -0.488459
0.846059 5.2651 -0.35371
0.689895 5.51242 0.378273
0 5.53068 0.336697
2.17394 1.46651 -1.02251
-1.45086 1.45705 0.528348
-1.59426 1.55834 0.626987
-1.65043 1.61724 0.680182
-1.54526 1.74215 0.824324
-1.65576 1.8259 0.954174
-1.59715 1.91464 1.00631
-1.76299 1.80572 0.775415
-1.7627 1.65599 0.631224
-1.76077 1.85065 1.0654
-1.9495 1.84984 0.823902
-1.49747 2.13374 1.1911
-1.74362 1.99795 1.23462
-1.7561 2.21664 1.31992
-0.327215 3.61761 3.16596
-0.49034 3.72708 3.0289
-0.833423 3.57912 2.95228
-1.18657 3.53715 2.88378
-1.51539 3.46293 2.4993
-1.27451 3.42949 2.34081
-1.58733 3.27325 2.27988
-1.72966 2.98573 2.12696
-1.80259 2.67303 2.07179
-1.8835 2.4212 1.85278
-1.61621 1.63182 0.140151
-1.6524 1.6352 0.100315
-1.78981 1.74517 0.195716
-2.02491 1.6849 0.590685
-2.08124 1.73977 0.560523
-2.10169 1.84193 0.704701
-2.312 1.66706 0.54433
-2.13922 1.49363 0.307465
-2.03996 1.26356 -0.10667
-1.84743 1.19231 -0.235521
-2.12027 1.18143 -0.439203
-2.00178 1.17893 -0.53887
-1.95567 1.11205 -0.65084
-2.0352 1.05821 -0.740662
-2.50667 1.35421 -0.177264
-2.5568 1.42584 0.234125
-2.57219 1.66594 0.610608
-2.62558 1.66785 0.406381
-2.314 1.93712 1.04395
-2.37056 2.18864 1.31994
-1.79536 2.31226 1.4486
-2.2988 2.37833 1.4841
-2.43192 2.42086 1.79186
-2.27483 2.70837 1.95329
-2.1274 2.76378 2.17293
-2.02782 3.05747 2.20769
-2.07758 3.59379 2.54406
-2.21127 3.15136 2.17553
-2.2058 3.05323 1.99568
-2.23458 2.85369 1.92147
-2.49222 2.76375 1.68146
-1.68272 3.87279 2.69984
-1.59127 3.68753 2.79531
-1.41931 4.08523 3.11477
-1.46979 4.22697 3.12591
-0.969239 4.03284 3.23762
-0.44624 4.02519 3.17591
-0.29338 4.20284 3.12617
-0.273753 4.90292 2.63511
-0.507507 4.74909 2.92783
-0.855572 4.44395 3.26479
-1.00122 4.43322 3.1689
-2.63476 2.91711 1.57146
-2.24501 3.76286 1.97126
-2.37344 3.23013 1.70144
-1.77247 3.91719 2.56174
-2.175 3.97464 1.86115
-1.69615 3.98836 2.58149
-2.02053 4.12619 2.05733
-1.72097 4.40171 2.02821
-1.3504 4.34724 2.80628
-1.41798 4.55433 2.44709
-1.20015 4.61336 3.06319
-1.30446 4.99702 2.24644
-0.873342 4.70963 3.17356
-0.69617 4.78404 2.81913
-0.424844 4.97854 2.24606
-0.635427 5.51565 1.33174
-0.696076 5.19322 2.02619
-1.51174 4.93809 1.52149
-1.90679 4.42285 1.79598
-2.35455 3.70565 1.67022
-2.64494 3.81463 1.42574
-2.20304 4.21662 1.15412
-2.42155 3.77924 0.825727
-2.2517 4.26915 0.470671
-1.60139 4.89572 0.83814
-1.78853 4.80961 0.096426
-2.54302 3.22818 1.36369
-2.58833 3.23654 1.22854
-2.62956 3.16481 0.666688
-2.33697 3.75401 -0.076831
-2.69544 2.59419 0.979715
-2.70344 2.832 0.591982
-2.43001 2.81146 0.125791
-2.20714 3.07876 -0.379399
-2.90404 2.24721 0.893879
-2.66632 2.01022 0.643661
-2.56923 2.36897 0.316299
-2.56093 2.35942 -0.171605
-2.26532 2.57683 -0.675925
-2.28442 2.02263 -0.855935
-2.33665 2.02939 -0.421402
-2.16779 1.51462 -0.809225
-2.15045 1.47684 -0.584277
-2.64345 1.92542 -0.01895
-2.07938 1.11058 -1.19582
-1.63915 1.53068 -1.82524
-0.894334 1.45868 -2.05369
-1.02946 2.24387 -2.27344
-1.68425 2.19638 -1.81278
-1.87691 2.72828 -1.16657
-1.69538 2.76301 -1.39814
-0.875196 3.02126 -1.97871
-2.10716 3.38469 -0.769274
-1.78215 3.54208 -0.994194
-0.844364 4.03324 -1.65079
-1.79631 4.11807 -0.761666
-0.742722 4.66367 -1.20484
-0.846059 5.2651 -0.35371
-0.689895 5.51242 0.378273
-2.17394 1.46651 -1.02251
-0.315073 1.89817 2.50814
-0.439859 1.93127 2.55024
-0.626491 2.01093 2.56512
-0.817392 2.05174 2.46799
-1.0461 2.08268 2.20149
0.315073 1.89817 2.50814
0.439859 1.93127 2.55024
0.626491 2.01093 2.56512
0.817392 2.05174 2.46799
1.0461 2.08268 2.20149
-0.399649 1.81259 2.19676
-0.463364 1.74361 2.16862
-0.714552 1.7651 2.12931
-0.755854 1.82343 2.13551
0.399649 1.81259 2.19676
0.463364 1.74361 2.16862
0.714552 1.7651 2.12931
0.755854 1.82343 2.13551
-0.502009 1.82758 2.21231
-0.654012 1.81986 2.20449
-0.634942 1.79791 2.19715
-0.574174 1.7953 2.1939
-0.534733 1.80621 2.18627
0.502009 1.82758 2.21231
0.654012 1.81986 2.20449
0.634942 1.79791 2.19715
0.574174 1.7953 2.1939
0.534733 1.80621 2.18627
-0.571565 1.82473 2.22142
0.571565 1.82473 2.22142
